-8.31398932709845550000e-01,
-8.96748214371228650000e-01,
-9.46712875417228260000e-01,
-9.80520026728362250000e-01,
-9.97632228614495850000e-01,
-9.97715676515048110000e-01,
-9.80686922529468430000e-01,
-9.46796323317796840000e-01,
-8.96664766470709700000e-01,
-8.31232036908783000000e-01,
-7.51658716818114250000e-01,
-6.59265317725431290000e-01,
-5.55550696221669530000e-01,
-4.42248428193969980000e-01,
-3.21338156903526850000e-01,
-1.94970710698610300000e-01,
-6.53492816613795710000e-02,
6.53492816614031770000e-02,
1.94970710698627920000e-01,
3.21338156903534010000e-01,
4.42248428193964930000e-01,
5.55550696221652210000e-01,
6.59265317725400650000e-01,
7.51658716818077610000e-01,
8.31232036908746030000e-01,
8.96664766470678500000e-01,
9.46796323317777970000e-01,
9.80686922529459550000e-01,
9.97715676515053110000e-01,
9.97632228614512280000e-01,
9.80520026728383790000e-01,
9.46712875417252460000e-01,
8.96748214371249630000e-01,
8.31398932709860090000e-01,
7.51742164718640300000e-01,
6.59181869824867260000e-01,
5.55383800420559460000e-01,
4.42164980293408950000e-01,
3.21421604804061790000e-01,
1.95137606499695580000e-01,
6.54327295619243350000e-02,
-6.54327295619462070000e-02,
-1.95137606499717060000e-01,
-3.21421604804079890000e-01,
-4.42164980293426100000e-01,
-5.55383800420573560000e-01,
-6.59181869824876370000e-01,
-7.51742164718649190000e-01,
-8.31398932709866310000e-01,
-8.96748214371254850000e-01,
-9.46712875417258790000e-01,
-9.80520026728391560000e-01,
-9.97632228614521050000e-01,
-9.97715676515065100000e-01,
-9.80686922529474980000e-01,
-9.46796323317792290000e-01,
-8.96664766470695820000e-01,
-8.31232036908764020000e-01,
-7.51658716818093600000e-01,
-6.59265317725415300000e-01,
-5.55550696221660640000e-01,
-4.42248428193973200000e-01,
-3.21338156903539840000e-01,
-1.94970710698632140000e-01,
-6.53492816614070350000e-02,
6.53492816613747140000e-02,
1.94970710698603420000e-01,
3.21338156903516640000e-01,
4.42248428193958990000e-01,
5.55550696221658090000e-01,
6.59265317725418190000e-01,
7.51658716818103810000e-01,
8.31232036908774560000e-01,
8.96664766470709250000e-01,
9.46796323317803500000e-01,
9.80686922529479530000e-01,
9.97715676515061660000e-01,
9.97632228614511620000e-01,
9.80520026728374460000e-01,
9.46712875417237480000e-01,
8.96748214371229650000e-01,
8.31398932709842550000e-01,
7.51742164718626760000e-01,
6.59181869824857380000e-01,
5.55383800420558130000e-01,
4.42164980293414830000e-01,
3.21421604804072110000e-01,
1.95137606499710880000e-01,
6.54327295619424460000e-02,
-6.54327295619270280000e-02,
-1.95137606499696970000e-01,
-3.21421604804060180000e-01,
-4.42164980293405560000e-01,
-5.55383800420554350000e-01,
-6.59181869824853940000e-01,
-7.51742164718624980000e-01,
-8.31398932709840670000e-01,
-8.96748214371227310000e-01,
-9.46712875417229700000e-01,
-9.80520026728364140000e-01,
-9.97632228614496300000e-01,
-9.97715676515045450000e-01,
-9.80686922529462550000e-01,
-9.46796323317788290000e-01,
-8.96664766470696260000e-01,
-8.31232036908771230000e-01,
-7.51658716818103480000e-01,
-6.59265317725424180000e-01,
-5.55550696221671520000e-01,
-4.42248428193978470000e-01,
-3.21338156903540670000e-01,
-1.94970710698627700000e-01,
-6.53492816613980840000e-02,
6.53492816613860380000e-02,
1.94970710698614570000e-01,
3.21338156903525300000e-01,
4.42248428193962430000e-01,
5.55550696221654650000e-01,
6.59265317725408310000e-01,
7.51658716818088270000e-01,
8.31232036908758350000e-01,
8.96664766470690930000e-01,
9.46796323317788510000e-01,
9.80686922529470760000e-01,
9.97715676515062320000e-01,
9.97632228614520830000e-01,
9.80520026728390560000e-01,
9.46712875417258570000e-01,
8.96748214371252960000e-01,
8.31398932709861430000e-01,
7.51742164718640860000e-01,
6.59181869824864820000e-01,
5.55383800420558240000e-01,
4.42164980293407230000e-01,
3.21421604804061840000e-01,
1.95137606499699630000e-01,
6.54327295619340920000e-02,
-6.54327295619294980000e-02,
-1.95137606499692560000e-01,
-3.21421604804049240000e-01,
-4.42164980293391020000e-01,
-5.55383800420538250000e-01,
-6.59181869824841730000e-01,
-7.51742164718619990000e-01,
-8.31398932709846110000e-01,
-8.96748214371242640000e-01,
-9.46712875417256020000e-01,
-9.80520026728396890000e-01,
-9.97632228614530940000e-01,
-9.97715676515074980000e-01,
-9.80686922529483080000e-01,
-9.46796323317796170000e-01,
-8.96664766470691710000e-01,
-8.31232036908753800000e-01,
-7.51658716818078610000e-01,
-6.59265317725396200000e-01,
-5.55550696221644210000e-01,
-4.42248428193957880000e-01,
-3.21338156903529680000e-01,
-1.94970710698630260000e-01,
-6.53492816614126420000e-02,
6.53492816613625850000e-02,
1.94970710698586900000e-01,
3.21338156903498600000e-01,
4.42248428193941830000e-01,
5.55550696221644100000e-01,
6.59265317725407860000e-01,
7.51658716818098260000e-01,
8.31232036908774790000e-01,
8.96664766470712140000e-01,
9.46796323317807390000e-01,
9.80686922529485970000e-01,
9.97715676515070430000e-01,
9.97632228614520390000e-01,
9.80520026728385230000e-01,
9.46712875417247690000e-01,
8.96748214371242300000e-01,
8.31398932709854990000e-01,
7.51742164718637310000e-01,
6.59181869824868590000e-01,
5.55383800420566900000e-01,
4.42164980293420720000e-01,
3.21421604804075560000e-01,
1.95137606499712070000e-01,
6.54327295619427100000e-02,
-6.54327295619262640000e-02,
-1.95137606499694110000e-01,
-3.21421604804055130000e-01,
-4.42164980293396570000e-01,
-5.55383800420540920000e-01,
-6.59181869824839840000e-01,
-7.51742164718609880000e-01,
-8.31398932709825790000e-01,
-8.96748214371216210000e-01,
-9.46712875417222040000e-01,
-9.80520026728360470000e-01,
-9.97632228614494740000e-01,
-9.97715676515041780000e-01,
-9.80686922529455880000e-01,
-9.46796323317774300000e-01,
-8.96664766470677500000e-01,
-8.31232036908743030000e-01,
-7.51658716818069280000e-01,
-6.59265317725386660000e-01,
-5.55550696221631450000e-01,
-4.42248428193941220000e-01,
-3.21338156903509970000e-01,
-1.94970710698605080000e-01,
-6.53492816613845810000e-02,
6.53492816613916170000e-02,
1.94970710698614880000e-01,
3.21338156903523520000e-01,
4.42248428193961650000e-01,
5.55550696221658310000e-01,
6.59265317725416970000e-01,
7.51658716818101810000e-01,
8.31232036908774560000e-01,
8.96664766470706700000e-01,
9.46796323317800390000e-01,
9.80686922529474980000e-01,
9.97715676515060880000e-01,
9.97632228614511280000e-01,
9.80520026728378350000e-01,
9.46712875417245690000e-01,
8.96748214371242520000e-01,
8.31398932709858650000e-01,
7.51742164718645300000e-01,
6.59181869824878250000e-01,
5.55383800420575220000e-01,
4.42164980293426550000e-01,
3.21421604804076610000e-01,
1.95137606499705850000e-01,
6.54327295619280410000e-02,
-6.54327295619496900000e-02,
-1.95137606499725640000e-01,
-3.21421604804090600000e-01,
-4.42164980293436370000e-01,
-5.55383800420578780000e-01,
-6.59181869824874700000e-01,
-7.51742164718638750000e-01,
-8.31398932709848990000e-01,
-8.96748214371229980000e-01,
-9.46712875417232040000e-01,
-9.80520026728368800000e-01,
-9.97632228614504510000e-01,
-9.97715676515053770000e-01,
-9.80686922529474200000e-01,
-9.46796323317798390000e-01,
-8.96664766470704810000e-01,
-8.31232036908773450000e-01,
-7.51658716818100150000e-01,
-6.59265317725415630000e-01,
-5.55550696221655320000e-01,
-4.42248428193960870000e-01,
-3.21338156903524190000e-01,
-1.94970710698618020000e-01,
-6.53492816613981540000e-02,
6.53492816613750750000e-02,
1.94970710698593340000e-01,
3.21338156903495710000e-01,
4.42248428193929120000e-01,
5.55550696221623340000e-01,
6.59265317725383440000e-01,
7.51658716818073840000e-01,
8.31232036908753020000e-01,
8.96664766470698480000e-01,
9.46796323317804610000e-01,
9.80686922529492410000e-01,
9.97715676515082530000e-01,
9.97632228614535490000e-01,
9.80520026728398660000e-01,
9.46712875417256460000e-01,
8.96748214371244630000e-01,
8.31398932709850210000e-01,
7.51742164718625980000e-01,
6.59181869824852380000e-01,
5.55383800420551350000e-01,
4.42164980293405060000e-01,
3.21421604804064680000e-01,
1.95137606499706710000e-01,
6.54327295619422380000e-02,
-6.54327295619238220000e-02,
-1.95137606499691810000e-01,
-3.21421604804055070000e-01,
-4.42164980293401680000e-01,
-5.55383800420553020000e-01,
-6.59181869824858820000e-01,
-7.51742164718634420000e-01,
-8.31398932709855100000e-01,
-8.96748214371245970000e-01,
-9.46712875417251350000e-01,
-9.80520026728386780000e-01,
-9.97632228614519720000e-01,
-9.97715676515061430000e-01,
-9.80686922529474760000e-01,
-9.46796323317793290000e-01,
-8.96664766470696710000e-01,
-8.31232036908764680000e-01,
-7.51658716818093820000e-01,
-6.59265317725415300000e-01,
-5.55550696221661870000e-01,
-4.42248428193973140000e-01,
-3.21338156903542280000e-01,
-1.94970710698637250000e-01,
-6.53492816614167500000e-02,
6.53492816613597950000e-02,
1.94970710698582680000e-01,
3.21338156903491820000e-01,
4.42248428193928790000e-01,
5.55550696221625780000e-01,
6.59265317725386770000e-01,
7.51658716818072950000e-01,
8.31232036908748920000e-01,
8.96664766470686710000e-01,
9.46796323317785070000e-01,
9.80686922529465100000e-01,
9.97715676515052440000e-01,
9.97632228614506620000e-01,
9.80520026728369800000e-01,
9.46712875417235260000e-01,
8.96748214371227870000e-01,
8.31398932709838220000e-01,
7.51742164718621870000e-01,
6.59181869824852270000e-01,
5.55383800420550360000e-01,
4.42164980293405340000e-01,
3.21421604804059740000e-01,
1.95137606499694500000e-01,
6.54327295619216150000e-02,
-6.54327295619525210000e-02,
-1.95137606499727000000e-01,
-3.21421604804093990000e-01,
-4.42164980293442140000e-01,
-5.55383800420589320000e-01,
-6.59181869824888910000e-01,
-7.51742164718656400000e-01,
-8.31398932709865650000e-01,
-8.96748214371247740000e-01,
-9.46712875417246360000e-01,
-9.80520026728374570000e-01,
-9.97632228614501400000e-01,
-9.97715676515046330000e-01,
-9.80686922529459330000e-01,
-9.46796323317780630000e-01,
-8.96664766470688380000e-01,
-8.31232036908758800000e-01,
-7.51658716818088930000e-01,
-6.59265317725408970000e-01,
-5.55550696221652430000e-01,
-4.42248428193960150000e-01,
-3.21338156903524350000e-01,
-1.94970710698615930000e-01,
-6.53492816613923110000e-02,
6.53492816613847340000e-02,
1.94970710698606410000e-01,
3.21338156903510810000e-01,
4.42248428193945050000e-01,
5.55550696221636000000e-01,
6.59265317725395540000e-01,
7.51658716818080830000e-01,
8.31232036908760240000e-01,
8.96664766470703480000e-01,
9.46796323317808830000e-01,
9.80686922529498630000e-01,
9.97715676515093300000e-01,
9.97632228614551810000e-01,
9.80520026728419760000e-01,
9.46712875417281770000e-01,
8.96748214371269840000e-01,
8.31398932709872860000e-01,
7.51742164718646850000e-01,
6.59181869824867150000e-01,
5.55383800420559020000e-01,
4.42164980293408170000e-01,
3.21421604804062070000e-01,
1.95137606499699190000e-01,
6.54327295619313300000e-02,
-6.54327295619362150000e-02,
-1.95137606499704300000e-01,
-3.21421604804066670000e-01,
-4.42164980293412610000e-01,
-5.55383800420563340000e-01,
-6.59181869824866600000e-01,
-7.51742164718641530000e-01,
-8.31398932709861870000e-01,
-8.96748214371251960000e-01,
-9.46712875417256240000e-01,
-9.80520026728390340000e-01,
-9.97632228614521830000e-01,
-9.97715676515062770000e-01,
-9.80686922529473540000e-01,
-9.46796323317792730000e-01,
-8.96664766470696590000e-01,
-8.31232036908763240000e-01,
-7.51658716818092820000e-01,
-6.59265317725411860000e-01,
-5.55550696221657430000e-01,
-4.42248428193964930000e-01,
-3.21338156903529960000e-01,
-1.94970710698620630000e-01,
-6.53492816613954200000e-02,
6.53492816613845530000e-02,
1.94970710698609380000e-01,
3.21338156903517690000e-01,
4.42248428193953100000e-01,
5.55550696221645550000e-01,
6.59265317725400760000e-01,
7.51658716818082500000e-01,
8.31232036908754360000e-01,
8.96664766470690040000e-01,
9.46796323317790290000e-01,
9.80686922529473200000e-01,
9.97715676515067650000e-01,
9.97632228614525940000e-01,
9.80520026728399220000e-01,
9.46712875417267340000e-01,
8.96748214371265400000e-01,
8.31398932709878860000e-01,
7.51742164718662620000e-01,
6.59181869824890240000e-01,
5.55383800420586100000e-01,
4.42164980293436480000e-01,
3.21421604804090490000e-01,
1.95137606499724530000e-01,
6.54327295619531600000e-02,
-6.54327295619184230000e-02,
-1.95137606499690750000e-01,
-3.21421604804056130000e-01,
-4.42164980293404670000e-01,
-5.55383800420556240000e-01,
-6.59181869824860160000e-01,
-7.51742164718633420000e-01,
-8.31398932709853430000e-01,
-8.96748214371243080000e-01,
-9.46712875417247020000e-01,
-9.80520026728381460000e-01,
-9.97632228614512170000e-01,
-9.97715676515055770000e-01,
-9.80686922529463990000e-01,
-9.46796323317782740000e-01,
-8.96664766470684160000e-01,
-8.31232036908750800000e-01,
-7.51658716818078390000e-01,
-6.59265317725397540000e-01,
-5.55550696221641990000e-01,
-4.42248428193953660000e-01,
-3.21338156903522240000e-01,
-1.94970710698617100000e-01,
-6.53492816613972520000e-02,
6.53492816613778370000e-02,
1.94970710698598810000e-01,
3.21338156903505200000e-01,
4.42248428193939340000e-01,
5.55550696221633890000e-01,
6.59265317725392870000e-01,
7.51658716818079050000e-01,
8.31232036908755360000e-01,
8.96664766470694600000e-01,
9.46796323317796950000e-01,
9.80686922529481530000e-01,
9.97715676515069650000e-01,
9.97632228614526380000e-01,
9.80520026728389780000e-01,
9.46712875417248470000e-01,
8.96748214371236970000e-01,
8.31398932709841440000e-01,
7.51742164718617430000e-01,
6.59181869824841840000e-01,
5.55383800420535370000e-01,
4.42164980293386240000e-01,
3.21421604804041750000e-01,
1.95137606499680430000e-01,
6.54327295619123730000e-02,
-6.54327295619558940000e-02,
-1.95137606499725090000e-01,
-3.21421604804090930000e-01,
-4.42164980293437930000e-01,
-5.55383800420589990000e-01,
-6.59181869824897790000e-01,
-7.51742164718673170000e-01,
-8.31398932709892850000e-01,
-8.96748214371281050000e-01,
-9.46712875417284770000e-01,
-9.80520026728416320000e-01,
-9.97632228614544370000e-01,
-9.97715676515083310000e-01,
-9.80686922529491520000e-01,
-9.46796323317807390000e-01,
-8.96664766470709580000e-01,
-8.31232036908777340000e-01,
-7.51658716818108590000e-01,
-6.59265317725428510000e-01,
-5.55550696221673520000e-01,
-4.42248428193983520000e-01,
-3.21338156903547330000e-01,
-1.94970710698636060000e-01,
-6.53492816614069240000e-02,
6.53492816613782950000e-02,
1.94970710698609860000e-01,
3.21338156903525680000e-01,
4.42248428193967700000e-01,
5.55550696221665530000e-01,
6.59265317725424290000e-01,
7.51658716818108590000e-01,
8.31232036908781890000e-01,
8.96664766470717910000e-01,
9.46796323317815160000e-01,
9.80686922529496070000e-01,
9.97715676515083750000e-01,
9.97632228614539710000e-01,
9.80520026728407320000e-01,
9.80520026728407320000e-01
