-8.31451967094972040000e-01,
-8.96841660650750990000e-01,
-9.46875912847696680000e-01,
-9.80719087545840920000e-01,
-9.97802350536609590000e-01,
-9.97823170560241280000e-01,
-9.80760727593124380000e-01,
-9.46896732871401530000e-01,
-8.96820840627259640000e-01,
-8.31410327047880760000e-01,
-7.51794616049461960000e-01,
-6.59325722627196910000e-01,
-5.55565351397540260000e-01,
-4.42278639186417970000e-01,
-3.21414184942389990000e-01,
-1.95060476774769620000e-01,
-6.53896935557881780000e-02,
6.53896935557616580000e-02,
1.95060476774741170000e-01,
3.21414184942356910000e-01,
4.42278639186381160000e-01,
5.55565351397502520000e-01,
6.59325722627165710000e-01,
7.51794616049433210000e-01,
8.31410327047868320000e-01,
8.96820840627267750000e-01,
9.46896732871434610000e-01,
9.80760727593181780000e-01,
9.97823170560327540000e-01,
9.97802350536712960000e-01,
9.80719087545957270000e-01,
9.46875912847821580000e-01,
8.96841660650870560000e-01,
8.31451967095077960000e-01,
7.51815436073014260000e-01,
6.59304902603510490000e-01,
5.55523711350221830000e-01,
4.42257819162707460000e-01,
3.21435004965908540000e-01,
1.95102116821911500000e-01,
6.54105135793359990000e-02,
-6.54105135794168510000e-02,
-1.95102116821986110000e-01,
-3.21435004965969550000e-01,
-4.42257819162750810000e-01,
-5.55523711350249360000e-01,
-6.59304902603515490000e-01,
-7.51815436073010160000e-01,
-8.31451967095059530000e-01,
-8.96841660650840370000e-01,
-9.46875912847784380000e-01,
-9.80719087545917080000e-01,
-9.97802350536665660000e-01,
-9.97823170560273140000e-01,
-9.80760727593118720000e-01,
-9.46896732871361000000e-01,
-8.96820840627184700000e-01,
-8.31410327047782390000e-01,
-7.51794616049345720000e-01,
-6.59325722627077230000e-01,
-5.55565351397427690000e-01,
-4.42278639186322040000e-01,
-3.21414184942317380000e-01,
-1.95060476774722880000e-01,
-6.53896935557669030000e-02,
6.53896935557606310000e-02,
1.95060476774723070000e-01,
3.21414184942326260000e-01,
4.42278639186342860000e-01,
5.55565351397456770000e-01,
6.59325722627113860000e-01,
7.51794616049370150000e-01,
8.31410327047794160000e-01,
8.96820840627168820000e-01,
9.46896732871320700000e-01,
9.80760727593054440000e-01,
9.97823170560190320000e-01,
9.97802350536580280000e-01,
9.80719087545836590000e-01,
9.46875912847724430000e-01,
8.96841660650813610000e-01,
8.31451967095064530000e-01,
7.51815436073049010000e-01,
6.59304902603586980000e-01,
5.55523711350335070000e-01,
4.42257819162841010000e-01,
3.21435004966049150000e-01,
1.95102116822043650000e-01,
6.54105135794465080000e-02,
-6.54105135793353750000e-02,
-1.95102116821935650000e-01,
-3.21435004965950570000e-01,
-4.42257819162751590000e-01,
-5.55523711350263240000e-01,
-6.59304902603534030000e-01,
-7.51815436073022260000e-01,
-8.31451967095062420000e-01,
-8.96841660650833370000e-01,
-9.46875912847773620000e-01,
-9.80719087545905530000e-01,
-9.97802350536664550000e-01,
-9.97823170560286910000e-01,
-9.80760727593149810000e-01,
-9.46896732871415400000e-01,
-8.96820840627257750000e-01,
-8.31410327047869210000e-01,
-7.51794616049430650000e-01,
-6.59325722627156050000e-01,
-5.55565351397490190000e-01,
-4.42278639186357570000e-01,
-3.21414184942326930000e-01,
-1.95060476774706390000e-01,
-6.53896935557281430000e-02,
6.53896935558141160000e-02,
1.95060476774783500000e-01,
3.21414184942389770000e-01,
4.42278639186402700000e-01,
5.55565351397512950000e-01,
6.59325722627160160000e-01,
7.51794616049414550000e-01,
8.31410327047835570000e-01,
8.96820840627211350000e-01,
9.46896732871366780000e-01,
9.80760727593095960000e-01,
9.97823170560225510000e-01,
9.97802350536604710000e-01,
9.80719087545842470000e-01,
9.46875912847707560000e-01,
8.96841660650772090000e-01,
8.31451967094996360000e-01,
7.51815436072957530000e-01,
6.59304902603475070000e-01,
5.55523711350211610000e-01,
4.42257819162713450000e-01,
3.21435004965924640000e-01,
1.95102116821930520000e-01,
6.54105135793489060000e-02,
-6.54105135794145340000e-02,
-1.95102116821994940000e-01,
-3.21435004965987920000e-01,
-4.42257819162768850000e-01,
-5.55523711350259460000e-01,
-6.59304902603507710000e-01,
-7.51815436072979180000e-01,
-8.31451967094993800000e-01,
-8.96841660650743110000e-01,
-9.46875912847664040000e-01,
-9.80719087545778300000e-01,
-9.97802350536532660000e-01,
-9.97823170560153790000e-01,
-9.80760727593031680000e-01,
-9.46896732871317700000e-01,
-8.96820840627191700000e-01,
-8.31410327047830800000e-01,
-7.51794616049429100000e-01,
-6.59325722627188690000e-01,
-5.55565351397547700000e-01,
-4.42278639186436840000e-01,
-3.21414184942416190000e-01,
-1.95060476774799460000e-01,
-6.53896935558201660000e-02,
6.53896935557279070000e-02,
1.95060476774706090000e-01,
3.21414184942319050000e-01,
4.42278639186341640000e-01,
5.55565351397462990000e-01,
6.59325722627122860000e-01,
7.51794616049391130000e-01,
8.31410327047833130000e-01,
8.96820840627239990000e-01,
9.46896732871425510000e-01,
9.80760727593190660000e-01,
9.97823170560355410000e-01,
9.97802350536759030000e-01,
9.80719087546016550000e-01,
9.46875912847887750000e-01,
8.96841660650944730000e-01,
8.31451967095155900000e-01,
7.51815436073090320000e-01,
6.59304902603581430000e-01,
5.55523711350285550000e-01,
4.42257819162764190000e-01,
3.21435004965955170000e-01,
1.95102116821951030000e-01,
6.54105135793646150000e-02,
-6.54105135794009890000e-02,
-1.95102116821984000000e-01,
-3.21435004965981600000e-01,
-4.42257819162775620000e-01,
-5.55523711350286780000e-01,
-6.59304902603559450000e-01,
-7.51815436073051460000e-01,
-8.31451967095094610000e-01,
-8.96841660650864570000e-01,
-9.46875912847783830000e-01,
-9.80719087545891770000e-01,
-9.97802350536621590000e-01,
-9.97823170560205420000e-01,
-9.80760727593038670000e-01,
-9.46896732871276180000e-01,
-8.96820840627105100000e-01,
-8.31410327047719330000e-01,
-7.51794616049300760000e-01,
-6.59325722627060240000e-01,
-5.55565351397437230000e-01,
-4.42278639186349240000e-01,
-3.21414184942360570000e-01,
-1.95060476774776480000e-01,
-6.53896935558218730000e-02,
6.53896935557099770000e-02,
1.95060476774681910000e-01,
3.21414184942298230000e-01,
4.42278639186327650000e-01,
5.55565351397457220000e-01,
6.59325722627125630000e-01,
7.51794616049394790000e-01,
8.31410327047824360000e-01,
8.96820840627207680000e-01,
9.46896732871365110000e-01,
9.80760727593100960000e-01,
9.97823170560236730000e-01,
9.97802350536620810000e-01,
9.80719087545869120000e-01,
9.46875912847747300000e-01,
8.96841660650813060000e-01,
8.31451967095047980000e-01,
7.51815436073010710000e-01,
6.59304902603535360000e-01,
5.55523711350267900000e-01,
4.42257819162770960000e-01,
3.21435004965981930000e-01,
1.95102116821986170000e-01,
6.54105135794038340000e-02,
-6.54105135793600630000e-02,
-1.95102116821942010000e-01,
-3.21435004965938350000e-01,
-4.42257819162730210000e-01,
-5.55523711350234930000e-01,
-6.59304902603507710000e-01,
-7.51815436073000940000e-01,
-8.31451967095050430000e-01,
-8.96841660650830150000e-01,
-9.46875912847772280000e-01,
-9.80719087545906640000e-01,
-9.97802350536665440000e-01,
-9.97823170560279800000e-01,
-9.80760727593140040000e-01,
-9.46896732871398190000e-01,
-8.96820840627237550000e-01,
-8.31410327047847010000e-01,
-7.51794616049420220000e-01,
-6.59325722627157610000e-01,
-5.55565351397507850000e-01,
-4.42278639186393490000e-01,
-3.21414184942379550000e-01,
-1.95060476774771420000e-01,
-6.53896935558016260000e-02,
6.53896935557402580000e-02,
1.95060476774716520000e-01,
3.21414184942334920000e-01,
4.42278639186364230000e-01,
5.55565351397492860000e-01,
6.59325722627158830000e-01,
7.51794616049425770000e-01,
8.31410327047851890000e-01,
8.96820840627231770000e-01,
9.46896732871380540000e-01,
9.80760727593097180000e-01,
9.97823170560216630000e-01,
9.97802350536575950000e-01,
9.80719087545794840000e-01,
9.46875912847644160000e-01,
8.96841660650693480000e-01,
8.31451967094913090000e-01,
7.51815436072870160000e-01,
6.59304902603397690000e-01,
5.55523711350146330000e-01,
4.42257819162666320000e-01,
3.21435004965902330000e-01,
1.95102116821931790000e-01,
6.54105135793716790000e-02,
-6.54105135793735530000e-02,
-1.95102116821942120000e-01,
-3.21435004965931030000e-01,
-4.42257819162717500000e-01,
-5.55523711350216500000e-01,
-6.59304902603484290000e-01,
-7.51815436072968860000e-01,
-8.31451967095004350000e-01,
-8.96841660650769980000e-01,
-9.46875912847700230000e-01,
-9.80719087545821710000e-01,
-9.97802350536576400000e-01,
-9.97823170560189990000e-01,
-9.80760727593059660000e-01,
-9.46896732871336800000e-01,
-8.96820840627196910000e-01,
-8.31410327047834130000e-01,
-7.51794616049430320000e-01,
-6.59325722627187140000e-01,
-5.55565351397546040000e-01,
-4.42278639186437230000e-01,
-3.21414184942418630000e-01,
-1.95060476774804560000e-01,
-6.53896935558264950000e-02,
6.53896935557216200000e-02,
1.95060476774698840000e-01,
3.21414184942313160000e-01,
4.42278639186331090000e-01,
5.55565351397447890000e-01,
6.59325722627100320000e-01,
7.51794616049362600000e-01,
8.31410327047792830000e-01,
8.96820840627191360000e-01,
9.46896732871371660000e-01,
9.80760727593128710000e-01,
9.97823170560290680000e-01,
9.97802350536702520000e-01,
9.80719087545962820000e-01,
9.46875912847844110000e-01,
8.96841660650904650000e-01,
8.31451967095121700000e-01,
7.51815436073054790000e-01,
6.59304902603542240000e-01,
5.55523711350252250000e-01,
4.42257819162728050000e-01,
3.21435004965922870000e-01,
1.95102116821922160000e-01,
6.54105135793443810000e-02,
-6.54105135794095100000e-02,
-1.95102116821979170000e-01,
-3.21435004965964330000e-01,
-4.42257819162749590000e-01,
-5.55523711350255470000e-01,
-6.59304902603527140000e-01,
-7.51815436073027480000e-01,
-8.31451967095081730000e-01,
-8.96841660650863240000e-01,
-9.46875912847800040000e-01,
-9.80719087545923410000e-01,
-9.97802350536663550000e-01,
-9.97823170560252490000e-01,
-9.80760727593085970000e-01,
-9.46896732871322920000e-01,
-8.96820840627143290000e-01,
-8.31410327047748640000e-01,
-7.51794616049319960000e-01,
-6.59325722627068230000e-01,
-5.55565351397435790000e-01,
-4.42278639186343910000e-01,
-3.21414184942350860000e-01,
-1.95060476774764120000e-01,
-6.53896935558071350000e-02,
6.53896935557258530000e-02,
1.95060476774697120000e-01,
3.21414184942310050000e-01,
4.42278639186333530000e-01,
5.55565351397452330000e-01,
6.59325722627106540000e-01,
7.51794616049358490000e-01,
8.31410327047773180000e-01,
8.96820840627143510000e-01,
9.46896732871293500000e-01,
9.80760727593029570000e-01,
9.97823170560177660000e-01,
9.97802350536581840000e-01,
9.80719087545857240000e-01,
9.46875912847770400000e-01,
8.96841660650876450000e-01,
8.31451967095139470000e-01,
7.51815436073126290000e-01,
6.59304902603662150000e-01,
5.55523711350395020000e-01,
4.42257819162886920000e-01,
3.21435004966076690000e-01,
1.95102116822052890000e-01,
6.54105135794427190000e-02,
-6.54105135793472960000e-02,
-1.95102116821950810000e-01,
-3.21435004965961890000e-01,
-4.42257819162761080000e-01,
-5.55523711350267790000e-01,
-6.59304902603534030000e-01,
-7.51815436073023260000e-01,
-8.31451967095060530000e-01,
-8.96841660650836920000e-01,
-9.46875912847776610000e-01,
-9.80719087545908640000e-01,
-9.97802350536664000000e-01,
-9.97823170560280250000e-01,
-9.80760727593137700000e-01,
-9.46896732871390760000e-01,
-8.96820840627226330000e-01,
-8.31410327047833130000e-01,
-7.51794616049400230000e-01,
-6.59325722627133850000e-01,
-5.55565351397483980000e-01,
-4.42278639186370730000e-01,
-3.21414184942360680000e-01,
-1.95060476774756770000e-01,
-6.53896935557889410000e-02,
6.53896935557519850000e-02,
1.95060476774729180000e-01,
3.21414184942347910000e-01,
4.42278639186381000000e-01,
5.55565351397510400000e-01,
6.59325722627176150000e-01,
7.51794616049442090000e-01,
8.31410327047865880000e-01,
8.96820840627245870000e-01,
9.46896732871388870000e-01,
9.80760727593111610000e-01,
9.97823170560233840000e-01,
9.97802350536606150000e-01,
9.80719087545840920000e-01,
9.46875912847712440000e-01,
8.96841660650784520000e-01,
8.31451967095021340000e-01,
7.51815436072992170000e-01,
6.59304902603520590000e-01,
5.55523711350259910000e-01,
4.42257819162758800000e-01,
3.21435004965963940000e-01,
1.95102116821959330000e-01,
6.54105135793666280000e-02,
-6.54105135794074560000e-02,
-1.95102116821996320000e-01,
-3.21435004965993030000e-01,
-4.42257819162777840000e-01,
-5.55523711350268900000e-01,
-6.59304902603515710000e-01,
-7.51815436072982290000e-01,
-8.31451967095000470000e-01,
-8.96841660650754550000e-01,
-9.46875912847680580000e-01,
-9.80719087545800280000e-01,
-9.97802350536560860000e-01,
-9.97823170560186100000e-01,
-9.80760727593061990000e-01,
-9.46896732871342460000e-01,
-8.96820840627200800000e-01,
-8.31410327047837350000e-01,
-7.51794616049425770000e-01,
-6.59325722627175150000e-01,
-5.55565351397533380000e-01,
-4.42278639186425850000e-01,
-3.21414184942414140000e-01,
-1.95060476774810530000e-01,
-6.53896935558452160000e-02,
6.53896935556905200000e-02,
1.95060476774658240000e-01,
3.21414184942267260000e-01,
4.42278639186290620000e-01,
5.55565351397414030000e-01,
6.59325722627079340000e-01,
7.51794616049358600000e-01,
8.31410327047803820000e-01,
8.96820840627208900000e-01,
9.46896732871389870000e-01,
9.80760727593149140000e-01,
9.97823170560305230000e-01,
9.97802350536709510000e-01,
9.80719087545960930000e-01,
9.46875912847839120000e-01,
8.96841660650908650000e-01,
8.31451967095134910000e-01,
7.51815436073091430000e-01,
6.59304902603604970000e-01,
5.55523711350336070000e-01,
4.42257819162825860000e-01,
3.21435004966026510000e-01,
1.95102116822021440000e-01,
6.54105135794284250000e-02,
-6.54105135793491140000e-02,
-1.95102116821945610000e-01,
-3.21435004965955060000e-01,
-4.42257819162759140000e-01,
-5.55523711350269900000e-01,
-6.59304902603539130000e-01,
-7.51815436073022370000e-01,
-8.31451967095049870000e-01,
-8.96841660650803730000e-01,
-9.46875912847720550000e-01,
-9.80719087545821270000e-01,
-9.97802350536553860000e-01,
-9.97823170560150460000e-01,
-9.80760727593000150000e-01,
-9.46896732871260300000e-01,
-8.96820840627105880000e-01,
-8.31410327047739210000e-01,
-7.51794616049332840000e-01,
-6.59325722627092330000e-01,
-5.55565351397461100000e-01,
-4.42278639186362400000e-01,
-3.21414184942357020000e-01,
-1.95060476774752740000e-01,
-6.53896935557815720000e-02,
6.53896935557621160000e-02,
1.95060476774737230000e-01,
3.21414184942351020000e-01,
4.42278639186368120000e-01,
5.55565351397477650000e-01,
6.59325722627123080000e-01,
7.51794616049366590000e-01,
8.31410327047776840000e-01,
8.96820840627148060000e-01,
9.46896732871298390000e-01,
9.80760727593032900000e-01,
9.97823170560173330000e-01,
9.97802350536573070000e-01,
9.80719087545833030000e-01,
9.46875912847727870000e-01,
8.96841660650815050000e-01,
8.31451967095060080000e-01,
7.51815436073037360000e-01,
6.59304902603567780000e-01,
5.55523711350311310000e-01,
4.42257819162817260000e-01,
3.21435004966029230000e-01,
1.95102116822038070000e-01,
6.54105135794581520000e-02,
-6.54105135793048710000e-02,
-1.95102116821888270000e-01,
-3.21435004965889060000e-01,
-4.42257819162687360000e-01,
-5.55523711350204290000e-01,
-6.59304902603487060000e-01,
-7.51815436072996610000e-01,
-8.31451967095057980000e-01,
-8.96841660650849910000e-01,
-9.46875912847808370000e-01,
-9.80719087545950270000e-01,
-9.97802350536713840000e-01,
-9.97823170560329320000e-01,
-9.80760727593190330000e-01,
-9.46896732871446380000e-01,
-8.96820840627280740000e-01,
-8.31410327047888980000e-01,
-7.51794616049453630000e-01,
-6.59325722627188140000e-01,
-5.55565351397530600000e-01,
-4.42278639186409640000e-01,
-3.21414184942383160000e-01,
-1.95060476774764010000e-01,
-6.53896935557808090000e-02,
6.53896935557742170000e-02,
1.95060476774759990000e-01,
3.21414184942384660000e-01,
4.42278639186413910000e-01,
5.55565351397534710000e-01,
6.59325722627190470000e-01,
7.51794616049442200000e-01,
8.31410327047858220000e-01,
8.96820840627231550000e-01,
9.46896732871375100000e-01,
9.80760727593103180000e-01,
9.97823170560236620000e-01,
9.97802350536623470000e-01,
9.80719087545872560000e-01,
9.46875912847752410000e-01,
8.96841660650824490000e-01,
8.31451967095061530000e-01,
7.51815436073022590000e-01,
6.59304902603541240000e-01,
5.55523711350268680000e-01,
4.42257819162766070000e-01,
3.21435004965974380000e-01,
1.95102116821983140000e-01,
6.54105135794116750000e-02,
-6.54105135793350420000e-02,
-1.95102116821893990000e-01,
-3.21435004965863640000e-01,
-4.42257819162629020000e-01,
-5.55523711350108920000e-01,
-6.59304902603358390000e-01,
-7.51815436072838630000e-01,
-8.31451967094881340000e-01,
-8.96841660650662510000e-01,
-9.46875912847608300000e-01,
-9.80719087545751660000e-01,
-9.97802350536520110000e-01,
-9.97823170560146130000e-01,
-9.80760727593009580000e-01,
-9.46896732871273290000e-01,
-8.96820840627117090000e-01,
-8.31410327047736210000e-01,
-7.51794616049318740000e-01,
-6.59325722627078230000e-01,
-5.55565351397451560000e-01,
-4.42278639186367620000e-01,
-3.21414184942387830000e-01,
-1.95060476774816220000e-01,
-6.53896935558774260000e-02,
6.53896935556382840000e-02,
1.95060476774596310000e-01,
3.21414184942206140000e-01,
4.42278639186234060000e-01,
5.55565351397366290000e-01,
6.59325722627044470000e-01,
7.51794616049323630000e-01,
8.31410327047765960000e-01,
8.96820840627159280000e-01,
9.46896732871319260000e-01,
9.80760727593059430000e-01,
9.97823170560192980000e-01,
9.97802350536573070000e-01,
9.80719087545820050000e-01,
9.46875912847696230000e-01,
8.96841660650771090000e-01,
8.31451967095010900000e-01,
7.51815436072981180000e-01,
6.59304902603507710000e-01,
5.55523711350241810000e-01,
4.42257819162735820000e-01,
3.21435004965930360000e-01,
1.95102116821915690000e-01,
6.54105135793109780000e-02,
-6.54105135794726680000e-02,
-1.95102116822066820000e-01,
-3.21435004966065030000e-01,
-4.42257819162842620000e-01,
-5.55523711350320860000e-01,
-6.59304902603549680000e-01,
-7.51815436072993610000e-01,
-8.31451967094990810000e-01,
-8.96841660650720020000e-01,
-9.46875912847628290000e-01,
-9.80719087545741440000e-01,
-9.97802350536494910000e-01,
-9.97823170560121380000e-01,
-9.80760727593003260000e-01,
-9.46896732871296280000e-01,
-8.96820840627167600000e-01,
-8.31410327047802930000e-01,
-7.51794616049389350000e-01,
-6.59325722627128960000e-01,
-5.55565351397467880000e-01,
-4.42278639186329920000e-01,
-3.21414184942292010000e-01,
-1.95060476774657210000e-01,
-6.53896935556663590000e-02,
6.53896935558860580000e-02,
1.95060476774861070000e-01,
3.21414184942465600000e-01,
4.42278639186473640000e-01,
5.55565351397576010000e-01,
6.59325722627219780000e-01,
7.51794616049470840000e-01,
8.31410327047894080000e-01,
8.96820840627285400000e-01,
9.46896732871457040000e-01,
9.80760727593206430000e-01,
9.97823170560357960000e-01,
9.97802350536750820000e-01,
9.80719087545995570000e-01,
9.46875912847852770000e-01,
8.96841660650895100000e-01,
8.31451967095089280000e-01,
7.51815436073009940000e-01,
6.59304902603488060000e-01,
5.55523711350186080000e-01,
4.42257819162658220000e-01,
3.21435004965855530000e-01,
1.95102116821858240000e-01,
6.54105135792843050000e-02,
-6.54105135794643270000e-02,
-1.95102116822030100000e-01,
-3.21435004966014180000e-01,
-4.42257819162799830000e-01,
-5.55523711350305980000e-01,
-6.59304902603585650000e-01,
-7.51815436073091980000e-01,
-8.31451967095156010000e-01,
-8.96841660650945060000e-01,
-9.46875912847896850000e-01,
-9.80719087546026320000e-01,
-9.97802350536773570000e-01,
-9.97823170560374730000e-01,
-9.80760727593210650000e-01,
-9.46896732871453150000e-01,
-8.96820840627276410000e-01,
-8.31410327047881090000e-01,
-7.51794616049451300000e-01,
-6.59325722627196580000e-01,
-5.55565351397556810000e-01,
-4.42278639186454440000e-01,
-3.21414184942451720000e-01,
-1.95060476774844560000e-01,
-6.53896935558706260000e-02,
6.53896935556819580000e-02,
1.95060476774673220000e-01,
3.21414184942306390000e-01,
4.42278639186347300000e-01,
5.55565351397481090000e-01,
6.59325722627145950000e-01,
7.51794616049401570000e-01,
8.31410327047815260000e-01,
8.96820840627187370000e-01,
9.46896732871334580000e-01,
9.80760727593067430000e-01,
9.97823170560211300000e-01,
9.97802350536620140000e-01,
9.80719087545896980000e-01,
9.46875912847812580000e-01,
8.96841660650927070000e-01,
8.31451967095201310000e-01,
7.51815436073192460000e-01,
6.59304902603726100000e-01,
5.55523711350458530000e-01,
4.42257819162942380000e-01,
3.21435004966121480000e-01,
1.95102116822084560000e-01,
6.54105135794597480000e-02,
-6.54105135793438960000e-02,
-1.95102116821958100000e-01,
-3.21435004965975320000e-01,
-4.42257819162777790000e-01,
-5.55523711350284780000e-01,
-6.59304902603556340000e-01,
-7.51815436073046350000e-01,
-8.31451967095094060000e-01,
-8.96841660650877890000e-01,
-9.46875912847828350000e-01,
-9.80719087545978360000e-01,
-9.97802350536752480000e-01,
-9.97823170560381720000e-01,
-9.80760727593250280000e-01,
-9.46896732871508880000e-01,
-8.96820840627341130000e-01,
-8.31410327047936710000e-01,
-7.51794616049488720000e-01,
-6.59325722627210340000e-01,
-5.55565351397540600000e-01,
-4.42278639186416360000e-01,
-3.21414184942400540000e-01,
-1.95060476774799460000e-01,
-6.53896935558437170000e-02,
6.53896935556782240000e-02,
1.95060476774632790000e-01,
3.21414184942229840000e-01,
4.42278639186239160000e-01,
5.55565351397352750000e-01,
6.59325722627012390000e-01,
7.51794616049278110000e-01,
8.31410327047706450000e-01,
8.96820840627096440000e-01,
9.46896732871257860000e-01,
9.80760727592994820000e-01,
9.97823170560134140000e-01,
9.97802350536518110000e-01,
9.80719087545765310000e-01,
9.46875912847641500000e-01,
8.96841660650716690000e-01,
8.31451967094963380000e-01,
7.51815436072941660000e-01,
6.59304902603487950000e-01,
5.55523711350251030000e-01,
4.42257819162781060000e-01,
3.21435004966020570000e-01,
1.95102116822052860000e-01,
6.54105135794937760000e-02,
-6.54105135792521500000e-02,
-1.95102116821822130000e-01,
-3.21435004965811790000e-01,
-4.42257819162599870000e-01,
-5.55523711350105250000e-01,
-6.59304902603377040000e-01,
-7.51815436072872050000e-01,
-8.31451967094915200000e-01,
-8.96841660650689600000e-01,
-9.46875912847626730000e-01,
-9.80719087545749100000e-01,
-9.97802350536497800000e-01,
-9.97823170560107280000e-01,
-9.80760727592965060000e-01,
-9.46896732871225000000e-01,
-8.96820840627071570000e-01,
-8.31410327047700790000e-01,
-7.51794616049297540000e-01,
-6.59325722627061570000e-01,
-5.55565351397439120000e-01,
-4.42278639186355130000e-01,
-3.21414184942359400000e-01,
-1.95060476774763620000e-01,
-6.53896935557922300000e-02,
6.53896935557625870000e-02,
1.95060476774760430000e-01,
3.21414184942405370000e-01,
4.42278639186461260000e-01,
5.55565351397609320000e-01,
6.59325722627286840000e-01,
7.51794616049550780000e-01,
8.31410327047967800000e-01,
8.96820840627323150000e-01,
9.46896732871445490000e-01,
9.80760727593142030000e-01,
9.97823170560242940000e-01,
9.97802350536601490000e-01,
9.80719087545836700000e-01,
9.46875912847711000000e-01,
8.96841660650792400000e-01,
8.31451967095044430000e-01,
7.51815436073027370000e-01,
6.59304902603563450000e-01,
5.55523711350303760000e-01,
4.42257819162799490000e-01,
3.21435004965989370000e-01,
1.95102116821964570000e-01,
6.54105135793505430000e-02,
-6.54105135794432750000e-02,
-1.95102116822046730000e-01,
-3.21435004966049820000e-01,
-4.42257819162833130000e-01,
-5.55523711350315750000e-01,
-6.59304902603553680000e-01,
-7.51815436073013490000e-01,
-8.31451967095028330000e-01,
-8.96841660650782860000e-01,
-9.46875912847718100000e-01,
-9.80719087545850690000e-01,
-9.97802350536622360000e-01,
-9.97823170560253820000e-01,
-9.80760727593129600000e-01,
-9.46896732871396530000e-01,
-8.96820840627230660000e-01,
-8.31410327047822360000e-01,
-7.51794616049363370000e-01,
-6.59325722627062680000e-01,
-5.55565351397378840000e-01,
-4.42278639186233390000e-01,
-3.21414184942205080000e-01,
-1.95060476774599950000e-01,
-6.53896935556501220000e-02,
6.53896935558567900000e-02,
1.95060476774789350000e-01,
3.21414184942362620000e-01,
4.42278639186359120000e-01,
5.55565351397466430000e-01,
6.59325722627128630000e-01,
7.51794616049412450000e-01,
8.31410327047874760000e-01,
8.96820840627299050000e-01,
9.46896732871496670000e-01,
9.80760727593263270000e-01,
9.97823170560417140000e-01,
9.97802350536802770000e-01,
9.80719087546032430000e-01,
9.46875912847883080000e-01,
8.96841660650917190000e-01,
8.31451967095116710000e-01,
7.51815436073053790000e-01,
6.59304902603563000000e-01,
5.55523711350298990000e-01,
4.42257819162808650000e-01,
3.21435004966035890000e-01,
1.95102116822060190000e-01,
6.54105135794933180000e-02,
-6.54105135792642930000e-02,
-1.95102116821852000000e-01,
-3.21435004965865630000e-01,
-4.42257819162683810000e-01,
-5.55523711350220490000e-01,
-6.59304902603527140000e-01,
-7.51815436073051680000e-01,
-8.31451967095124260000e-01,
-8.96841660650920750000e-01,
-9.46875912847868650000e-01,
-9.80719087546006340000e-01,
-9.97802350536763580000e-01,
-9.97823170560373950000e-01,
-9.80760727593232740000e-01,
-9.46896732871492790000e-01,
-8.96820840627338470000e-01,
-8.31410327047959250000e-01,
-7.51794616049539790000e-01,
-6.59325722627285280000e-01,
-5.55565351397636190000e-01,
-4.42278639186519610000e-01,
-3.21414184942497460000e-01,
-1.95060476774873900000e-01,
-6.53896935558840180000e-02,
6.53896935556784330000e-02,
1.95060476774672110000e-01,
3.21414184942303120000e-01,
4.42278639186336750000e-01,
5.55565351397464660000e-01,
6.59325722627120860000e-01,
7.51794616049373140000e-01,
8.31410327047786720000e-01,
8.96820840627160720000e-01,
9.46896732871306160000e-01,
9.80760727593034790000e-01,
9.97823170560167230000e-01,
9.97802350536552640000e-01,
9.80719087545805170000e-01,
9.46875912847687240000e-01,
8.96841660650763430000e-01,
8.31451967095002020000e-01,
7.51815436072966750000e-01,
6.59304902603489400000e-01,
5.55523711350225050000e-01,
4.42257819162727940000e-01,
3.21435004965945070000e-01,
1.95102116821961190000e-01,
6.54105135793994620000e-02,
-6.54105135793355690000e-02,
-1.95102116821882360000e-01,
-3.21435004965841210000e-01,
-4.42257819162594660000e-01,
-5.55523711350067950000e-01,
-6.59304902603317760000e-01,
-7.51815436072801440000e-01,
-8.31451967094859130000e-01,
-8.96841660650662060000e-01,
-9.46875912847639720000e-01,
-9.80719087545819820000e-01,
-9.97802350536618920000e-01,
-9.97823170560274250000e-01,
-9.80760727593162570000e-01,
-9.46896732871438830000e-01,
-8.96820840627279740000e-01,
-8.31410327047881540000e-01,
-7.51794616049442420000e-01,
-6.59325722627164380000e-01,
-5.55565351397505400000e-01,
-4.42278639186390430000e-01,
-3.21414184942387720000e-01,
-1.95060476774801480000e-01,
-6.53896935558595650000e-02,
6.53896935556516900000e-02,
1.95060476774599890000e-01,
3.21414184942198980000e-01,
4.42278639186219180000e-01,
5.55565351397351750000e-01,
6.59325722627034150000e-01,
7.51794616049323410000e-01,
8.31410327047779400000e-01,
8.96820840627190140000e-01,
9.46896732871361560000e-01,
9.80760727593104060000e-01,
9.97823170560234170000e-01,
9.97802350536605600000e-01,
9.80719087545831810000e-01,
9.46875912847687910000e-01,
8.96841660650741220000e-01,
8.31451967094968380000e-01,
7.51815436072931660000e-01,
6.59304902603455310000e-01,
5.55523711350202510000e-01,
4.42257819162714340000e-01,
3.21435004965928140000e-01,
1.95102116821931240000e-01,
6.54105135793405370000e-02,
-6.54105135794383480000e-02,
-1.95102116822036630000e-01,
-3.21435004966044380000e-01,
-4.42257819162840070000e-01,
-5.55523711350335740000e-01,
-6.59304902603582990000e-01,
-7.51815436073041580000e-01,
-8.31451967095047650000e-01,
-8.96841660650776860000e-01,
-9.46875912847677360000e-01,
-9.80719087545777520000e-01,
-9.97802350536516890000e-01,
-9.97823170560126480000e-01,
-9.80760727592989710000e-01,
-9.46896732871261860000e-01,
-8.96820840627114420000e-01,
-8.31410327047735760000e-01,
-7.51794616049308420000e-01,
-6.59325722627042250000e-01,
-5.55565351397376950000e-01,
-4.42278639186240890000e-01,
-3.21414184942206920000e-01,
-1.95060476774587210000e-01,
-6.53896935556147470000e-02,
6.53896935559139110000e-02,
1.95060476774862800000e-01,
3.21414184942442000000e-01,
4.42278639186426630000e-01,
5.55565351397510840000e-01,
6.59325722627140730000e-01,
7.51794616049389240000e-01,
8.31410327047811040000e-01,
8.96820840627207790000e-01,
9.46896732871387540000e-01,
9.80760727593148360000e-01,
9.97823170560312220000e-01,
9.97802350536716620000e-01,
9.80719087545970590000e-01,
9.46875912847839010000e-01,
8.96841660650895540000e-01,
8.31451967095106380000e-01,
7.51815436073044130000e-01,
6.59304902603547570000e-01,
5.55523711350266680000e-01,
4.42257819162764630000e-01,
3.21435004965978100000e-01,
1.95102116821994100000e-01,
6.54105135794238870000e-02,
-6.54105135793319050000e-02,
-1.95102116821914450000e-01,
-3.21435004965920090000e-01,
-4.42257819162734040000e-01,
-5.55523711350270120000e-01,
-6.59304902603579550000e-01,
-7.51815436073104640000e-01,
-8.31451967095181320000e-01,
-8.96841660650977590000e-01,
-9.46875912847931930000e-01,
-9.80719087546059410000e-01,
-9.97802350536800000000e-01,
-9.97823170560393930000e-01,
-9.80760727593227740000e-01,
-9.46896732871461920000e-01,
-8.96820840627278960000e-01,
-8.31410327047879980000e-01,
-7.51794616049446200000e-01,
-6.59325722627179260000e-01,
-5.55565351397528940000e-01,
-4.42278639186413640000e-01,
-3.21414184942391160000e-01,
-3.21414184942391160000e-01
