-3.51995844834408600000e-05,
-1.29105800623897280000e-05,
1.29401281094793100000e-05,
3.54418112525878540000e-05,
4.85466012314116680000e-05,
4.86898393636118460000e-05,
3.57564307254412910000e-05,
1.31321162892400700000e-05,
-1.31794831740478180000e-05,
-3.61447038726250530000e-05,
-4.95740380713137920000e-05,
-4.97849282732753890000e-05,
-3.66078980858332500000e-05,
-1.34621088259173070000e-05,
1.35279131007963260000e-05,
3.71472873922398840000e-05,
5.10131767781847900000e-05,
5.12940396105718420000e-05,
3.77641526848739400000e-05,
1.39042852490539370000e-05,
-1.39891520588693080000e-05,
-3.84597819697243500000e-05,
-5.28780035248190310000e-05,
-5.32311850220782100000e-05,
-3.92354706302155980000e-05,
-1.44624138654346530000e-05,
1.45669754305472360000e-05,
4.00925217098408030000e-05,
5.51826620243101420000e-05,
5.56105356240709320000e-05,
4.10322462136790460000e-05,
1.51403067806900010000e-05,
-1.52652029493764450000e-05,
-4.20559634296636940000e-05,
-5.79414657708172600000e-05,
-5.84464345134227020000e-05,
-4.31650012703766370000e-05,
-1.59418233994063210000e-05,
1.60877022757363640000e-05,
4.43606966363237090000e-05,
6.11689119590524170000e-05,
6.17534109808123870000e-05,
4.56443958015689210000e-05,
1.68708743942931660000e-05,
-1.70383930481182210000e-05,
-4.70174548227345150000e-05,
-6.48796972296582990000e-05,
-6.55461965757129000000e-05,
-4.84812399723572650000e-05,
-1.79314261857535460000e-05,
1.81212514520350850000e-05,
5.00371281977184880000e-05,
6.90887354019984530000e-05,
6.98397431872234930000e-05,
5.16865076062118780000e-05,
1.91275059771769130000e-05,
-1.93403153526684590000e-05,
-5.34307779784893980000e-05,
-7.38111773719444450000e-05,
-7.46492433211805150000e-05,
-5.52713513105797620000e-05,
-2.04632073959213360000e-05,
2.06996900420084160000e-05,
5.72096523863310060000e-05,
7.90624333702302420000e-05,
7.99901527723462580000e-05,
5.92471193814839840000e-05,
2.19426967950067280000e-05,
-2.22035546563862740000e-05,
-6.13852045009034030000e-05,
-8.48581977971918670000e-05,
-8.58782159110800100000e-05,
-6.36253746504059290000e-05,
-2.35702202762777810000e-05,
2.38561693262644050000e-05,
6.59691121448509330000e-05,
9.12144768724174340000e-05,
9.23294938270818370000e-05,
6.84179154541145520000e-05,
2.53501115023185270000e-05,
-2.56618831266315060000e-05,
-7.09732999888116100000e-05,
-9.81476193634606730000e-05,
-9.93603955989483860000e-05,
-7.36367989275302090000e-05,
-2.72868003716350830000e-05,
2.76251429038545560000e-05,
7.64099640876600120000e-05,
1.05674350686663430000e-04,
1.06987712987725660000e-04,
7.92943668418260570000e-05,
2.93848226398350040000e-05,
-2.97505030632451560000e-05,
-8.22915990821769350000e-05,
-1.13811810705757310000e-04,
-1.15228658886001450000e-04,
-8.54032742348119240000e-05,
-3.16488305789330500000e-05,
3.20426364110211610000e-05,
8.86310283268769890000e-05,
1.22577595590878010000e-04,
1.24100909891778140000e-04,
9.19765211088360290000e-05,
3.40836047773005920000e-05,
-3.45063461551721040000e-05,
-9.54414372347610210000e-05,
-1.31989804142517490000e-04,
-1.33622653419146550000e-04,
-9.90274875034841270000e-05,
-3.66940671948883780000e-05,
3.71465791819710670000e-05,
1.02736410163766760000e-04,
1.42067089032478340000e-04,
1.43812639806400110000e-04,
1.06569972286651240000e-04,
3.94852956018502750000e-05,
-3.99684407386399820000e-05,
-1.10529971208593700000e-04,
-1.52828713468065610000e-04,
-1.54690239937519400000e-04,
-1.14618236048922550000e-04,
-4.24625395441603950000e-05,
4.29772106686886900000e-05,
1.18836629305624960000e-04,
1.64294613847392590000e-04,
1.66275508956012710000e-04,
1.23187048533496010000e-04,
4.56312379975808820000e-05,
-4.61783613643027090000e-05,
-1.27671428109188720000e-04,
-1.76485469044158430000e-04,
-1.78589256722178040000e-04,
-1.32291741087653680000e-04,
-4.89970388914335500000e-05,
4.95775776209561490000e-05,
1.37050001155108340000e-04,
1.89422777040868810000e-04,
1.91653125747239890000e-04,
1.41948264683695510000e-04,
5.25658207067207120000e-05,
-5.31807786030049750000e-05,
-1.46988632893521900000e-04,
-2.03128939721863000000e-04,
-2.05489677432484750000e-04,
-1.52173254127999620000e-04,
-5.63437163798568420000e-05,
5.69941421561631400000e-05,
1.57504326248977310000e-04,
2.17627356743721450000e-04,
2.20122487550090450000e-04,
1.62984099158307210000e-04,
6.03371397735198950000e-05,
-6.10241317341237020000e-05,
-1.68614877453241830000e-04,
-2.32942529522901280000e-04,
-2.35576252027653370000e-04,
-1.74399023223295870000e-04,
-6.45528150115910400000e-05,
6.52775262424341970000e-05,
1.80338958996938170000e-04,
2.49100176521464960000e-04,
2.51876904242865970000e-04,
1.86437170846781510000e-04,
6.89978090156212490000e-05,
-6.97614531445174450000e-05,
-1.92696211662921500000e-04,
-2.66127361175025500000e-04,
-2.69051745202005870000e-04,
-1.99118704604314100000e-04,
-7.36795676272985280000e-05,
7.44834252230024370000e-05,
2.05707346739152700000e-04,
2.84052633996098860000e-04,
2.87129588169871430000e-04,
2.12464912885657090000e-04,
7.86059557562005250000e-05,
-7.94513814452874740000e-05,
-2.19394259665896760000e-04,
-3.02906190605946580000e-04,
-3.06140919544216910000e-04,
-2.26498329785650180000e-04,
-8.37853020555092240000e-05,
8.46737324478500730000e-05,
2.33780156554836320000e-04,
3.22720047704117810000e-04,
3.26118078030524940000e-04,
2.41242868663647700000e-04,
8.92264487024697410000e-05,
-9.01594112295179420000e-05,
-2.48889695230920980000e-04,
-3.43528239284032650000e-04,
-3.47095454480152960000e-04,
-2.56723971142352400000e-04,
-9.49388069474122290000e-05,
9.59179297332133600000e-05,
2.64749142697731180000e-04,
3.65367035753446440000e-04,
3.69109715114670720000e-04,
2.72968773587438900000e-04,
1.00932419196420380000e-04,
-1.01959442100220530000e-04,
-2.81386551220484250000e-04,
-3.88275189030288430000e-04,
-3.92200051282278760000e-04,
-2.90006293427702860000e-04,
-1.07218028512878750000e-04,
1.08294815503752720000e-04,
2.98831955565912580000e-04,
4.12294207169207410000e-04,
4.16408459390627210000e-04,
3.07867638050477390000e-04,
1.13807156564027370000e-04,
-1.14935709614011330000e-04,
-3.17117594346516180000e-04,
-4.37468662647308650000e-04,
-4.41780055249694160000e-04,
-3.26586239450793250000e-04,
-1.20712191205710180000e-04,
1.21894665918891690000e-04,
3.36278158899507340000e-04,
4.63846539116638940000e-04,
4.68363427757419240000e-04,
3.46198118339653980000e-04,
1.27946485097198210000e-04,
-1.29185208328282690000e-04,
-3.56351073705356360000e-04,
-4.91479622238801680000e-04,
-4.96211037692400180000e-04,
-3.66742182043270470000e-04,
-1.35524466974015400000e-04,
1.36821956733950790000e-04,
3.77376813035823360000e-04,
5.20423941180957720000e-04,
5.25379668370946880000e-04,
3.88260561274563260000e-04,
1.43461767489116970000e-04,
-1.44820755487464670000e-04,
-3.99399259340843390000e-04,
-5.50740268506597360000e-04,
-5.55930936115760260000e-04,
-4.10798991755938200000e-04,
-1.51775361872171350000e-04,
1.53198819108497320000e-04,
4.22466109868517200000e-04,
5.82494687581842510000e-04,
5.87931869914311680000e-04,
4.34407247753013030000e-04,
1.60483732064044590000e-04,
-1.61974897956996280000e-04,
-4.46629339199775290000e-04,
-6.15759238291903040000e-04,
-6.21455571372904100000e-04,
-4.59139635884888650000e-04,
-1.69607051477746170000e-04,
1.71169467111729650000e-04,
4.71945726816119370000e-04,
6.50612653889820180000e-04,
6.56581968166645540000e-04,
4.85055559160085770000e-04,
1.79167396135532840000e-04,
-1.80804942316933450000e-04,
-4.98477460566621510000e-04,
-6.87141204266462630000e-04,
-6.93398676735091700000e-04,
-5.12220163116613830000e-04,
-1.89188986661956560000e-04,
1.90905927613850720000e-04,
5.26292829032767280000e-04,
7.25439663944179070000e-04,
7.32001993090804280000e-04,
5.40705078305985440000e-04,
1.99698466507234720000e-04,
-2.01499500198510080000e-04,
-5.55467018406196730000e-04,
-7.65612426795629910000e-04,
-7.72498034437171470000e-04,
-5.70589276262532200000e-04,
-2.10725222874886200000e-04,
2.12615539187334740000e-04,
5.86083032718175870000e-04,
8.07774794051140630000e-04,
8.15004059018191080000e-04,
6.01960059685426000000e-04,
2.22301758187482520000e-04,
-2.24287106380670970000e-04,
-6.18232760251503380000e-04,
-8.52054467812251050000e-04,
-8.59649997486407580000e-04,
-6.34914212011555540000e-04,
-2.34464121615114420000e-04,
2.36550888868695100000e-04,
6.52018213936296500000e-04,
8.98593289334659900000e-04,
9.06580236387411310000e-04,
6.69559337114840400000e-04,
2.47252412301950880000e-04,
-2.49447715515955000000e-04,
-6.87552979752112580000e-04,
-9.47549270171346130000e-04,
-9.55955703530247170000e-04,
-7.06015426842636700000e-04,
-2.60711368580300830000e-04,
2.63023162119391020000e-04,
7.24963914991667090000e-04,
9.99098975391540020000e-04,
1.00795631658197700000e-03,
7.44416702908907430000e-04,
2.74891060815230110000e-04,
-2.77328263523906010000e-04,
-7.64393148163234970000e-04,
-1.05344033219773990000e-03,
-1.06278387090966390000e-03,
-7.84913790856603330000e-04,
-2.89847709789655250000e-04,
2.92420355423821180000e-04,
8.06000444956688430000e-04,
1.11079595526577660000e-03,
1.12066546145501210000e-03,
8.27676298118670220000e-04,
3.05644658002710630000e-04,
-3.08364074275209730000e-04,
-8.49966020931954590000e-04,
-1.17141710326611580000e-03,
-1.18185755756397950000e-03,
-8.72895886646751080000e-04,
-3.22353528299941870000e-04,
3.25232551100129890000e-04,
8.96493902573279300000e-04,
1.23558841096531510000e-03,
1.24665088097256980000e-03,
9.20789954503337900000e-04,
3.40055613406517550000e-04,
-3.43108844531585520000e-04,
-9.45815965686453460000e-04,
-1.30363358035618070000e-03,
-1.31537627799894140000e-03,
-9.71606072101218300000e-04,
-3.58843551920465030000e-04,
3.62087670994875040000e-04,
9.98196816005707040000e-04,
1.37592226561043050000e-03,
1.38841183077823240000e-03,
1.02562736003078870000e-03,
3.78823362149294520000e-04,
-3.82277506511738080000e-04,
-1.05393972440732020000e-03,
-1.45287845474604150000e-03,
-1.46619152381945950000e-03,
-1.08317905029782590000e-03,
-4.00116926259221890000e-04,
4.03803156753151900000e-04,
1.11339389264814190000e-03,
1.53499074205523620000e-03,
1.54921587794679080000e-03,
1.14463654649412630000e-03,
4.22865045568060470000e-04,
-4.26808921792871020000e-04,
-1.17696341127095120000e-03,
-1.62282500856025740000e-03,
-1.63806509338742060000e-03,
-1.21043539839158830000e-03,
-4.47231226350276330000e-04,
4.51462522614849480000e-04,
1.24511838821353760000e-03,
1.71704019609648800000e-03,
1.73341542127542390000e-03,
1.28108374352106060000e-03,
4.73406408462815710000e-04,
-4.77960012305877330000e-04,
-1.31840888785153040000e-03,
-1.81840809319531460000e-03,
-1.83605972857202810000e-03,
-1.35717795842661480000e-03,
-5.01614922679791240000e-04,
5.06531972689488150000e-04,
1.39748254516588160000e-03,
1.92783837619754430000e-03,
1.94693356579135570000e-03,
1.43942252932291960000e-03,
5.32122066192622890000e-04,
-5.37451406938488210000e-04,
-1.48310703777546740000e-03,
-2.04641060991622410000e-03,
-2.06714853603342860000e-03,
-1.52865553201725540000e-03,
-5.65243833510056540000e-04,
5.71043895723131980000e-04,
1.57619905457254410000e-03,
2.17541557457710160000e-03,
2.19803546854742320000e-03,
1.62588166004122940000e-03,
6.01359553996102020000e-04,
-6.07700812424502210000e-04,
-1.67786206349383070000e-03,
-2.31640925260155230000e-03,
-2.34120093142201580000e-03,
-1.73231554573378420000e-03,
-6.40928502213008840000e-04,
6.47896729379967140000e-04,
1.78943616337538820000e-03,
2.47128424387666650000e-03,
2.49860215339286350000e-03,
1.84943932219443150000e-03,
6.84512018906693240000e-04,
-6.92212652563709330000e-04,
-1.91256478538270940000e-03,
-2.64236554778103170000e-03,
-2.67264775355989960000e-03,
-1.97908020494675560000e-03,
-7.32803400630582170000e-04,
7.41367496444934790000e-04,
2.04928528556468740000e-03,
2.83254099734241800000e-03,
2.86633528331363580000e-03,
2.12351671712185340000e-03,
7.86668939152509690000e-04,
-7.96261422952707940000e-04,
-2.20215404674283960000e-03,
-3.04544191110056680000e-03,
-3.08344229511260580000e-03,
-2.28562670594089280000e-03,
-8.47205285105851220000e-04,
8.58036612036090170000e-04,
2.37442246698058800000e-03,
3.28569806708155610000e-03,
3.32879692793570330000e-03,
2.46909767948748660000e-03,
9.15821249684716630000e-04,
-9.28164231782801050000e-04,
-2.57028974045862360000e-03,
-3.55930529975472800000e-03,
-3.60866949627550520000e-03,
-2.67873238762763320000e-03,
-9.94357119490312360000e-04,
1.00857180654144320000e-03,
2.79527459122325520000e-03,
3.87416837107148380000e-03,
3.93135329933709710000e-03,
2.92090407223249020000e-03,
1.08526321625792970000e-03,
-1.10183471331606600000e-03,
-3.05677682527621080000e-03,
-4.24092503651450370000e-03,
-4.30805066857093810000e-03,
-3.20425451419772580000e-03,
-1.19187511925796460000e-03,
1.21147292682589350000e-03,
3.36495230357339820000e-03,
4.67423729330677330000e-03,
4.75426937359803990000e-03,
3.54080068962972900000e-03,
1.31885265500844150000e-03,
-1.34242730637665390000e-03,
-3.73412635599490230000e-03,
-5.19489105677423040000e-03,
-5.29210876788112700000e-03,
-3.94775925286951730000e-03,
-1.47290886027295660000e-03,
1.50185637322775250000e-03,
4.18517638898474160000e-03,
5.83336356538332200000e-03,
5.95417565560315760000e-03,
4.45069791146806250000e-03,
1.66408002919963190000e-03,
-1.70053695949400220000e-03,
-4.74975908751089100000e-03,
-6.63621334080850830000e-03,
-6.79066804347425250000e-03,
-5.08929483008580250000e-03,
-1.90807156301559170000e-03,
1.95547987564663070000e-03,
5.47829512388743440000e-03,
7.67829390066331920000e-03,
7.88308265181354020000e-03,
5.92862705562105170000e-03,
2.23091753203353770000e-03,
-2.29519808337292970000e-03,
-6.45628572954612230000e-03,
-9.08809264501664150000e-03,
-9.37310611983919840000e-03,
-7.08335999177694270000e-03,
-2.67914004557771170000e-03,
2.77140382206584940000e-03,
7.84123966452987190000e-03,
1.11062406365180990000e-02,
1.15307546279210610000e-02,
8.77608671027168070000e-03,
3.34483667193729220000e-03,
-3.48862473368873270000e-03,
-9.95868332701037310000e-03,
-1.42419922289330790000e-02,
-1.49421733274855920000e-02,
-1.15033705928801830000e-02,
-4.43958661647260790000e-03,
4.69474458206893890000e-03,
1.36076474500317760000e-02,
1.97931412299134700000e-02,
2.11636964005438750000e-02,
1.66445683334116960000e-02,
6.58120668520967900000e-03,
-7.15497578099531360000e-03,
-2.14135367342098600000e-02,
-3.23361456438432320000e-02,
-3.61460438008210930000e-02,
-2.99930033150427880000e-02,
-1.26686941092971890000e-02,
1.49736520891565400000e-02,
5.00039564849737990000e-02,
8.78289639550975940000e-02,
1.22966950926641530000e-01,
1.50035299872078420000e-01,
1.64753052541831090000e-01,
1.64753052541831090000e-01,
1.50035299872078420000e-01,
1.22966950926641530000e-01,
8.78289639550975940000e-02,
5.00039564849737990000e-02,
1.49736520891565400000e-02,
-1.26686941092971890000e-02,
-2.99930033150427880000e-02,
-3.61460438008210930000e-02,
-3.23361456438432320000e-02,
-2.14135367342098600000e-02,
-7.15497578099531360000e-03,
6.58120668520967900000e-03,
1.66445683334116960000e-02,
2.11636964005438750000e-02,
1.97931412299134700000e-02,
1.36076474500317760000e-02,
4.69474458206893890000e-03,
-4.43958661647260790000e-03,
-1.15033705928801830000e-02,
-1.49421733274855920000e-02,
-1.42419922289330790000e-02,
-9.95868332701037310000e-03,
-3.48862473368873270000e-03,
3.34483667193729220000e-03,
8.77608671027168070000e-03,
1.15307546279210610000e-02,
1.11062406365180990000e-02,
7.84123966452987190000e-03,
2.77140382206584940000e-03,
-2.67914004557771170000e-03,
-7.08335999177694270000e-03,
-9.37310611983919840000e-03,
-9.08809264501664150000e-03,
-6.45628572954612230000e-03,
-2.29519808337292970000e-03,
2.23091753203353770000e-03,
5.92862705562105170000e-03,
7.88308265181354020000e-03,
7.67829390066331920000e-03,
5.47829512388743440000e-03,
1.95547987564663070000e-03,
-1.90807156301559170000e-03,
-5.08929483008580250000e-03,
-6.79066804347425250000e-03,
-6.63621334080850830000e-03,
-4.74975908751089100000e-03,
-1.70053695949400220000e-03,
1.66408002919963190000e-03,
4.45069791146806250000e-03,
5.95417565560315760000e-03,
5.83336356538332200000e-03,
4.18517638898474160000e-03,
1.50185637322775250000e-03,
-1.47290886027295660000e-03,
-3.94775925286951730000e-03,
-5.29210876788112700000e-03,
-5.19489105677423040000e-03,
-3.73412635599490230000e-03,
-1.34242730637665390000e-03,
1.31885265500844150000e-03,
3.54080068962972900000e-03,
4.75426937359803990000e-03,
4.67423729330677330000e-03,
3.36495230357339820000e-03,
1.21147292682589350000e-03,
-1.19187511925796460000e-03,
-3.20425451419772580000e-03,
-4.30805066857093810000e-03,
-4.24092503651450370000e-03,
-3.05677682527621080000e-03,
-1.10183471331606600000e-03,
1.08526321625792970000e-03,
2.92090407223249020000e-03,
3.93135329933709710000e-03,
3.87416837107148380000e-03,
2.79527459122325520000e-03,
1.00857180654144320000e-03,
-9.94357119490312360000e-04,
-2.67873238762763320000e-03,
-3.60866949627550520000e-03,
-3.55930529975472800000e-03,
-2.57028974045862360000e-03,
-9.28164231782801050000e-04,
9.15821249684716630000e-04,
2.46909767948748660000e-03,
3.32879692793570330000e-03,
3.28569806708155610000e-03,
2.37442246698058800000e-03,
8.58036612036090170000e-04,
-8.47205285105851220000e-04,
-2.28562670594089280000e-03,
-3.08344229511260580000e-03,
-3.04544191110056680000e-03,
-2.20215404674283960000e-03,
-7.96261422952707940000e-04,
7.86668939152509690000e-04,
2.12351671712185340000e-03,
2.86633528331363580000e-03,
2.83254099734241800000e-03,
2.04928528556468740000e-03,
7.41367496444934790000e-04,
-7.32803400630582170000e-04,
-1.97908020494675560000e-03,
-2.67264775355989960000e-03,
-2.64236554778103170000e-03,
-1.91256478538270940000e-03,
-6.92212652563709330000e-04,
6.84512018906693240000e-04,
1.84943932219443150000e-03,
2.49860215339286350000e-03,
2.47128424387666650000e-03,
1.78943616337538820000e-03,
6.47896729379967140000e-04,
-6.40928502213008840000e-04,
-1.73231554573378420000e-03,
-2.34120093142201580000e-03,
-2.31640925260155230000e-03,
-1.67786206349383070000e-03,
-6.07700812424502210000e-04,
6.01359553996102020000e-04,
1.62588166004122940000e-03,
2.19803546854742320000e-03,
2.17541557457710160000e-03,
1.57619905457254410000e-03,
5.71043895723131980000e-04,
-5.65243833510056540000e-04,
-1.52865553201725540000e-03,
-2.06714853603342860000e-03,
-2.04641060991622410000e-03,
-1.48310703777546740000e-03,
-5.37451406938488210000e-04,
5.32122066192622890000e-04,
1.43942252932291960000e-03,
1.94693356579135570000e-03,
1.92783837619754430000e-03,
1.39748254516588160000e-03,
5.06531972689488150000e-04,
-5.01614922679791240000e-04,
-1.35717795842661480000e-03,
-1.83605972857202810000e-03,
-1.81840809319531460000e-03,
-1.31840888785153040000e-03,
-4.77960012305877330000e-04,
4.73406408462815710000e-04,
1.28108374352106060000e-03,
1.73341542127542390000e-03,
1.71704019609648800000e-03,
1.24511838821353760000e-03,
4.51462522614849480000e-04,
-4.47231226350276330000e-04,
-1.21043539839158830000e-03,
-1.63806509338742060000e-03,
-1.62282500856025740000e-03,
-1.17696341127095120000e-03,
-4.26808921792871020000e-04,
4.22865045568060470000e-04,
1.14463654649412630000e-03,
1.54921587794679080000e-03,
1.53499074205523620000e-03,
1.11339389264814190000e-03,
4.03803156753151900000e-04,
-4.00116926259221890000e-04,
-1.08317905029782590000e-03,
-1.46619152381945950000e-03,
-1.45287845474604150000e-03,
-1.05393972440732020000e-03,
-3.82277506511738080000e-04,
3.78823362149294520000e-04,
1.02562736003078870000e-03,
1.38841183077823240000e-03,
1.37592226561043050000e-03,
9.98196816005707040000e-04,
3.62087670994875040000e-04,
-3.58843551920465030000e-04,
-9.71606072101218300000e-04,
-1.31537627799894140000e-03,
-1.30363358035618070000e-03,
-9.45815965686453460000e-04,
-3.43108844531585520000e-04,
3.40055613406517550000e-04,
9.20789954503337900000e-04,
1.24665088097256980000e-03,
1.23558841096531510000e-03,
8.96493902573279300000e-04,
3.25232551100129890000e-04,
-3.22353528299941870000e-04,
-8.72895886646751080000e-04,
-1.18185755756397950000e-03,
-1.17141710326611580000e-03,
-8.49966020931954590000e-04,
-3.08364074275209730000e-04,
3.05644658002710630000e-04,
8.27676298118670220000e-04,
1.12066546145501210000e-03,
1.11079595526577660000e-03,
8.06000444956688430000e-04,
2.92420355423821180000e-04,
-2.89847709789655250000e-04,
-7.84913790856603330000e-04,
-1.06278387090966390000e-03,
-1.05344033219773990000e-03,
-7.64393148163234970000e-04,
-2.77328263523906010000e-04,
2.74891060815230110000e-04,
7.44416702908907430000e-04,
1.00795631658197700000e-03,
9.99098975391540020000e-04,
7.24963914991667090000e-04,
2.63023162119391020000e-04,
-2.60711368580300830000e-04,
-7.06015426842636700000e-04,
-9.55955703530247170000e-04,
-9.47549270171346130000e-04,
-6.87552979752112580000e-04,
-2.49447715515955000000e-04,
2.47252412301950880000e-04,
6.69559337114840400000e-04,
9.06580236387411310000e-04,
8.98593289334659900000e-04,
6.52018213936296500000e-04,
2.36550888868695100000e-04,
-2.34464121615114420000e-04,
-6.34914212011555540000e-04,
-8.59649997486407580000e-04,
-8.52054467812251050000e-04,
-6.18232760251503380000e-04,
-2.24287106380670970000e-04,
2.22301758187482520000e-04,
6.01960059685426000000e-04,
8.15004059018191080000e-04,
8.07774794051140630000e-04,
5.86083032718175870000e-04,
2.12615539187334740000e-04,
-2.10725222874886200000e-04,
-5.70589276262532200000e-04,
-7.72498034437171470000e-04,
-7.65612426795629910000e-04,
-5.55467018406196730000e-04,
-2.01499500198510080000e-04,
1.99698466507234720000e-04,
5.40705078305985440000e-04,
7.32001993090804280000e-04,
7.25439663944179070000e-04,
5.26292829032767280000e-04,
1.90905927613850720000e-04,
-1.89188986661956560000e-04,
-5.12220163116613830000e-04,
-6.93398676735091700000e-04,
-6.87141204266462630000e-04,
-4.98477460566621510000e-04,
-1.80804942316933450000e-04,
1.79167396135532840000e-04,
4.85055559160085770000e-04,
6.56581968166645540000e-04,
6.50612653889820180000e-04,
4.71945726816119370000e-04,
1.71169467111729650000e-04,
-1.69607051477746170000e-04,
-4.59139635884888650000e-04,
-6.21455571372904100000e-04,
-6.15759238291903040000e-04,
-4.46629339199775290000e-04,
-1.61974897956996280000e-04,
1.60483732064044590000e-04,
4.34407247753013030000e-04,
5.87931869914311680000e-04,
5.82494687581842510000e-04,
4.22466109868517200000e-04,
1.53198819108497320000e-04,
-1.51775361872171350000e-04,
-4.10798991755938200000e-04,
-5.55930936115760260000e-04,
-5.50740268506597360000e-04,
-3.99399259340843390000e-04,
-1.44820755487464670000e-04,
1.43461767489116970000e-04,
3.88260561274563260000e-04,
5.25379668370946880000e-04,
5.20423941180957720000e-04,
3.77376813035823360000e-04,
1.36821956733950790000e-04,
-1.35524466974015400000e-04,
-3.66742182043270470000e-04,
-4.96211037692400180000e-04,
-4.91479622238801680000e-04,
-3.56351073705356360000e-04,
-1.29185208328282690000e-04,
1.27946485097198210000e-04,
3.46198118339653980000e-04,
4.68363427757419240000e-04,
4.63846539116638940000e-04,
3.36278158899507340000e-04,
1.21894665918891690000e-04,
-1.20712191205710180000e-04,
-3.26586239450793250000e-04,
-4.41780055249694160000e-04,
-4.37468662647308650000e-04,
-3.17117594346516180000e-04,
-1.14935709614011330000e-04,
1.13807156564027370000e-04,
3.07867638050477390000e-04,
4.16408459390627210000e-04,
4.12294207169207410000e-04,
2.98831955565912580000e-04,
1.08294815503752720000e-04,
-1.07218028512878750000e-04,
-2.90006293427702860000e-04,
-3.92200051282278760000e-04,
-3.88275189030288430000e-04,
-2.81386551220484250000e-04,
-1.01959442100220530000e-04,
1.00932419196420380000e-04,
2.72968773587438900000e-04,
3.69109715114670720000e-04,
3.65367035753446440000e-04,
2.64749142697731180000e-04,
9.59179297332133600000e-05,
-9.49388069474122290000e-05,
-2.56723971142352400000e-04,
-3.47095454480152960000e-04,
-3.43528239284032650000e-04,
-2.48889695230920980000e-04,
-9.01594112295179420000e-05,
8.92264487024697410000e-05,
2.41242868663647700000e-04,
3.26118078030524940000e-04,
3.22720047704117810000e-04,
2.33780156554836320000e-04,
8.46737324478500730000e-05,
-8.37853020555092240000e-05,
-2.26498329785650180000e-04,
-3.06140919544216910000e-04,
-3.02906190605946580000e-04,
-2.19394259665896760000e-04,
-7.94513814452874740000e-05,
7.86059557562005250000e-05,
2.12464912885657090000e-04,
2.87129588169871430000e-04,
2.84052633996098860000e-04,
2.05707346739152700000e-04,
7.44834252230024370000e-05,
-7.36795676272985280000e-05,
-1.99118704604314100000e-04,
-2.69051745202005870000e-04,
-2.66127361175025500000e-04,
-1.92696211662921500000e-04,
-6.97614531445174450000e-05,
6.89978090156212490000e-05,
1.86437170846781510000e-04,
2.51876904242865970000e-04,
2.49100176521464960000e-04,
1.80338958996938170000e-04,
6.52775262424341970000e-05,
-6.45528150115910400000e-05,
-1.74399023223295870000e-04,
-2.35576252027653370000e-04,
-2.32942529522901280000e-04,
-1.68614877453241830000e-04,
-6.10241317341237020000e-05,
6.03371397735198950000e-05,
1.62984099158307210000e-04,
2.20122487550090450000e-04,
2.17627356743721450000e-04,
1.57504326248977310000e-04,
5.69941421561631400000e-05,
-5.63437163798568420000e-05,
-1.52173254127999620000e-04,
-2.05489677432484750000e-04,
-2.03128939721863000000e-04,
-1.46988632893521900000e-04,
-5.31807786030049750000e-05,
5.25658207067207120000e-05,
1.41948264683695510000e-04,
1.91653125747239890000e-04,
1.89422777040868810000e-04,
1.37050001155108340000e-04,
4.95775776209561490000e-05,
-4.89970388914335500000e-05,
-1.32291741087653680000e-04,
-1.78589256722178040000e-04,
-1.76485469044158430000e-04,
-1.27671428109188720000e-04,
-4.61783613643027090000e-05,
4.56312379975808820000e-05,
1.23187048533496010000e-04,
1.66275508956012710000e-04,
1.64294613847392590000e-04,
1.18836629305624960000e-04,
4.29772106686886900000e-05,
-4.24625395441603950000e-05,
-1.14618236048922550000e-04,
-1.54690239937519400000e-04,
-1.52828713468065610000e-04,
-1.10529971208593700000e-04,
-3.99684407386399820000e-05,
3.94852956018502750000e-05,
1.06569972286651240000e-04,
1.43812639806400110000e-04,
1.42067089032478340000e-04,
1.02736410163766760000e-04,
3.71465791819710670000e-05,
-3.66940671948883780000e-05,
-9.90274875034841270000e-05,
-1.33622653419146550000e-04,
-1.31989804142517490000e-04,
-9.54414372347610210000e-05,
-3.45063461551721040000e-05,
3.40836047773005920000e-05,
9.19765211088360290000e-05,
1.24100909891778140000e-04,
1.22577595590878010000e-04,
8.86310283268769890000e-05,
3.20426364110211610000e-05,
-3.16488305789330500000e-05,
-8.54032742348119240000e-05,
-1.15228658886001450000e-04,
-1.13811810705757310000e-04,
-8.22915990821769350000e-05,
-2.97505030632451560000e-05,
2.93848226398350040000e-05,
7.92943668418260570000e-05,
1.06987712987725660000e-04,
1.05674350686663430000e-04,
7.64099640876600120000e-05,
2.76251429038545560000e-05,
-2.72868003716350830000e-05,
-7.36367989275302090000e-05,
-9.93603955989483860000e-05,
-9.81476193634606730000e-05,
-7.09732999888116100000e-05,
-2.56618831266315060000e-05,
2.53501115023185270000e-05,
6.84179154541145520000e-05,
9.23294938270818370000e-05,
9.12144768724174340000e-05,
6.59691121448509330000e-05,
2.38561693262644050000e-05,
-2.35702202762777810000e-05,
-6.36253746504059290000e-05,
-8.58782159110800100000e-05,
-8.48581977971918670000e-05,
-6.13852045009034030000e-05,
-2.22035546563862740000e-05,
2.19426967950067280000e-05,
5.92471193814839840000e-05,
7.99901527723462580000e-05,
7.90624333702302420000e-05,
5.72096523863310060000e-05,
2.06996900420084160000e-05,
-2.04632073959213360000e-05,
-5.52713513105797620000e-05,
-7.46492433211805150000e-05,
-7.38111773719444450000e-05,
-5.34307779784893980000e-05,
-1.93403153526684590000e-05,
1.91275059771769130000e-05,
5.16865076062118780000e-05,
6.98397431872234930000e-05,
6.90887354019984530000e-05,
5.00371281977184880000e-05,
1.81212514520350850000e-05,
-1.79314261857535460000e-05,
-4.84812399723572650000e-05,
-6.55461965757129000000e-05,
-6.48796972296582990000e-05,
-4.70174548227345150000e-05,
-1.70383930481182210000e-05,
1.68708743942931660000e-05,
4.56443958015689210000e-05,
6.17534109808123870000e-05,
6.11689119590524170000e-05,
4.43606966363237090000e-05,
1.60877022757363640000e-05,
-1.59418233994063210000e-05,
-4.31650012703766370000e-05,
-5.84464345134227020000e-05,
-5.79414657708172600000e-05,
-4.20559634296636940000e-05,
-1.52652029493764450000e-05,
1.51403067806900010000e-05,
4.10322462136790460000e-05,
5.56105356240709320000e-05,
5.51826620243101420000e-05,
4.00925217098408030000e-05,
1.45669754305472360000e-05,
-1.44624138654346530000e-05,
-3.92354706302155980000e-05,
-5.32311850220782100000e-05,
-5.28780035248190310000e-05,
-3.84597819697243500000e-05,
-1.39891520588693080000e-05,
1.39042852490539370000e-05,
3.77641526848739400000e-05,
5.12940396105718420000e-05,
5.10131767781847900000e-05,
3.71472873922398840000e-05,
1.35279131007963260000e-05,
-1.34621088259173070000e-05,
-3.66078980858332500000e-05,
-4.97849282732753890000e-05,
-4.95740380713137920000e-05,
-3.61447038726250530000e-05,
-1.31794831740478180000e-05,
1.31321162892400700000e-05,
3.57564307254412910000e-05,
4.86898393636118460000e-05,
4.85466012314116680000e-05,
3.54418112525878540000e-05,
1.29401281094793100000e-05,
-1.29105800623897280000e-05,
-3.51995844834408600000e-05
