-1.55897506714076E-5,
-2.20668112488685E-5,
-1.56181214289688E-5,
-2.33932949430447E-18,
1.56492527442824E-5,
2.21548689602784E-5,
1.56831589144055E-5,
-2.71889007630718E-18,
-1.57198542570791E-5,
-2.22586641323297E-5,
-1.575935311091E-5,
-9.17785585912019E-19,
1.58016698355564E-5,
2.23783589885376E-5,
1.58468188119027E-5,
-3.28584572296457E-19,
-1.58948144422672E-5,
-2.25141162310076E-5,
-1.59456711506546E-5,
5.32124881732343E-19,
1.59994033828918E-5,
2.26660990492725E-5,
1.60560256068551E-5,
2.11936132758614E-18,
-1.61155523127485E-5,
-2.28344711298981E-5,
-1.61779980132736E-5,
-5.79584092159048E-18,
1.62433772438482E-5,
2.30193966661924E-5,
1.63117045628516E-5,
-8.49503298536566E-18,
-1.63829945518961E-5,
-2.32210403685951E-5,
-1.64572618160262E-5,
-4.38885845399312E-18,
1.65345209839619E-5,
2.34395674753119E-5,
1.66147867083834E-5,
-6.11625432905897E-18,
-1.66980736661526E-5,
-2.3675143763527E-5,
-1.67843965586181E-5,
-2.93807656522124E-18,
1.6873770111859E-5,
2.39279355610087E-5,
1.69662090769202E-5,
-3.65363878361988E-18,
-1.70617282301442E-5,
-2.4198109758198E-5,
-1.71603423734462E-5,
-1.43040410497699E-18,
1.72620663345967E-5,
2.44858338207669E-5,
1.736691496749E-5,
-1.08508141756011E-18,
-1.74749031524702E-5,
-2.4791275802783E-5,
-1.75860457966405E-5,
1.47594418190303E-19,
1.77003578341868E-5,
2.5114604360114E-5,
1.78178542266139E-5,
1.61209904822427E-18,
-1.79385499631901E-5,
-2.54559887647196E-5,
-1.80624600612063E-5,
1.80970181159788E-18,
1.81895995662999E-5,
2.58155989191056E-5,
1.83199835528081E-5,
-1.03194263770242E-17,
-1.84536271241623E-5,
-2.61936053716402E-5,
-1.85905454131915E-5,
-5.4303857699313E-18,
1.87307535824767E-5,
2.659017933218E-5,
1.88742668247523E-5,
-7.7455015458156E-18,
-1.90211003632472E-5,
-2.70054926884522E-5,
-1.91712694521102E-5,
-3.84061574868471E-18,
1.9324789376769E-5,
2.74397180229117E-5,
1.94816754542776E-5,
-5.01420413084405E-18,
-1.96419430337858E-5,
-2.78930286302557E-5,
-1.98056074969352E-5,
-2.14919104474918E-18,
1.99726842582639E-5,
2.8365598535501E-5,
2.01431887655947E-5,
-2.10128157033001E-18,
-2.03171365005027E-5,
-2.8857602512867E-5,
-2.04945429787524E-5,
-3.41381113243566E-19,
2.0675423750753E-5,
2.93692161049579E-5,
2.08597944019113E-5,
1.01811695869646E-18,
-2.10476705532414E-5,
-2.99006156430823E-5,
-2.12390678617449E-5,
1.5979054587498E-18,
2.14340020208709E-5,
3.04519782677828E-5,
2.16324887610065E-5,
-1.31014922137912E-17,
-2.18345438500324E-5,
-3.10234819504828E-5,
-2.20401830937575E-5,
-6.9968134307859E-18,
2.22494223364167E-5,
3.1615305515514E-5,
2.24622774612097E-5,
-1.01650145030919E-17,
-2.2678764390856E-5,
-3.22276286631453E-5,
-2.28988990880578E-5,
-5.16552948465078E-18,
2.3122697556124E-5,
3.28606319931895E-5,
2.33501758394009E-5,
-6.99066822074326E-18,
-2.35813500239353E-5,
-3.35144970294856E-5,
-2.3816236238023E-5,
-3.18362486352626E-18,
2.40548506527726E-5,
3.41894062451548E-5,
2.42972094826457E-5,
-3.55196601887464E-18,
-2.45433289861092E-5,
-3.48855430887054E-5,
-2.47932254662366E-5,
-1.03501986960189E-18,
2.50469152713151E-5,
3.56030920108102E-5,
2.53044147954409E-5,
1.7820577919751E-19,
-2.55657404791568E-5,
-3.63422384923373E-5,
-2.5830908810177E-5,
1.29674347085021E-18,
2.6099936323926E-5,
3.71031690727353E-5,
2.6372839604227E-5,
4.22759557830551E-18,
-2.66496352840681E-5,
-3.78860713798692E-5,
-2.69303400462045E-5,
-9.22927509789362E-18,
2.72149706238414E-5,
3.86911341603261E-5,
2.75035438013652E-5,
-1.36023380718095E-17,
-2.77960764151109E-5,
-3.95185473110564E-5,
-2.80925853540239E-5,
-7.04469384771847E-18,
2.83930875603934E-5,
4.03685019117245E-5,
2.8697600030665E-5,
-9.79499651884394E-18,
-2.90061398161331E-5,
-4.12411902582515E-5,
-2.9318724023794E-5,
-4.65614017354766E-18,
2.9635369817093E-5,
4.21368058973275E-5,
2.99560944166626E-5,
-5.63320152943254E-18,
-3.02809151012166E-5,
-4.30555436619769E-5,
-3.06098492083646E-5,
-2.04611536696178E-18,
3.09429141354375E-5,
4.39975997082396E-5,
3.12801273402943E-5,
-1.08745579077386E-18,
-3.162150634222E-5,
-4.49631715531438E-5,
-3.19670687228113E-5,
8.03280294795204E-19,
3.23168321268874E-5,
4.59524581134055E-5,
3.26708142632479E-5,
3.8724119815405E-18,
-3.30290329058001E-5,
-4.69656597459402E-5,
-3.33915058943629E-5,
-1.22836393209398E-17,
3.37582511355915E-5,
4.80029782889795E-5,
3.41292866039588E-5,
-1.83092757356766E-17,
-3.45046303428043E-5,
-4.90646171049817E-5,
-3.48843004652318E-5,
-9.62434760751095E-18,
3.52683151550994E-5,
5.01507811244286E-5,
3.5656692668106E-5,
-1.3662749123133E-17,
-3.60494513327504E-5,
-5.12616768912484E-5,
-3.64466095514703E-5,
-6.70310829189027E-18,
3.68481858016533E-5,
5.2397512609453E-5,
3.72541986366328E-5,
-8.56389108270079E-18,
-3.76646666869042E-5,
-5.35584981912388E-5,
-3.80796086612177E-5,
-3.50091220269347E-18,
3.84990433476918E-5,
5.47448453064875E-5,
3.89229896148981E-5,
-2.98066232616023E-18,
-3.93514664130862E-5,
-5.59567674340413E-5,
-3.97844927753699E-5,
1.68082616229021E-21,
4.02220878189503E-5,
5.71944799138963E-5,
4.06642707461446E-5,
3.11970219249523E-18,
-4.11110608459004E-5,
-5.84582000018339E-5,
-4.15624774948866E-5,
3.82455103165766E-18,
4.20185401587358E-5,
5.97481469248217E-5,
4.24792683933569E-5,
-2.45644352933303E-17,
-4.29446818463587E-5,
-6.10645419388452E-5,
-4.34148002582596E-5,
-1.30665671699057E-17,
4.38896434638193E-5,
6.24076083878668E-5,
4.43692313934611E-5,
-1.88554434973902E-17,
-4.48535840747093E-5,
-6.37775717650192E-5,
-4.53427216334684E-5,
-9.47619254505418E-18,
4.58366642956215E-5,
6.51746597753435E-5,
4.63354323882525E-5,
-1.25879200617E-17,
-4.68390463413145E-5,
-6.65991024005457E-5,
-4.73475266890942E-5,
-5.54032068789008E-18,
4.78608940717072E-5,
6.80511319657181E-5,
4.83791692365556E-5,
-5.72707471232889E-18,
-4.89023730399908E-5,
-6.95309832080606E-5,
-4.94305264489004E-5,
-1.23784061822126E-18,
4.99636505423093E-5,
7.10388933474015E-5,
5.05017665129629E-5,
1.76267723466743E-18,
-5.10448956689805E-5,
-7.25751021595603E-5,
-5.15930594357078E-5,
3.45284142549973E-18,
5.21462793572002E-5,
7.4139852050916E-5,
5.27045770980133E-5,
9.91773568623575E-18,
-5.32679744451314E-5,
-7.57333881362507E-5,
-5.38364933095979E-5,
-1.75513074948092E-17,
5.4410155728306E-5,
7.73559583180746E-5,
5.49889838658974E-5,
-2.5663828969744E-17,
-5.5573000016716E-5,
-7.90078133690365E-5,
-5.61622266065782E-5,
-1.31442302098261E-17,
5.67566861946896E-5,
8.06892070163471E-5,
5.73564014757307E-5,
-1.79771434855459E-17,
-5.79613952816832E-5,
-8.24003960290452E-5,
-5.85716905840093E-5,
-8.32161242805599E-18,
5.91873104956216E-5,
8.41416403078527E-5,
5.98082782728455E-5,
-9.57887236318237E-18,
-6.04346173176764E-5,
-8.5913202977646E-5,
-6.10663511799086E-5,
-3.06049954444784E-18,
6.17035035592907E-5,
8.77153504828668E-5,
6.2346098307655E-5,
-4.30311746893322E-19,
-6.29941594312102E-5,
-8.95483526860857E-5,
-6.36477110928438E-5,
2.66260262129273E-18,
6.43067776144788E-5,
9.1412482968791E-5,
6.49713834791393E-5,
9.50815562004685E-18,
-6.56415533337305E-5,
-9.33080183364332E-5,
-6.63173119912142E-5,
8.87174505763289E-18,
6.69986844330267E-5,
9.52352395255261E-5,
6.76856958116251E-5,
-3.44124298739506E-17,
-6.83783714531487E-5,
-9.71944311150329E-5,
-6.90767368598156E-5,
-1.78958495895349E-17,
6.97808177125125E-5,
9.91858816404529E-5,
7.04906398735868E-5,
-2.50355514414797E-17,
-7.120622938937E-5,
-1.01209883711935E-4,
-7.19276124930956E-5,
-1.20207923176972E-17,
7.26548156075708E-5,
1.0326673413583E-4,
7.33878653478364E-5,
-1.48184779243524E-17,
-7.41267885242403E-5,
-1.05356734040035E-4,
-7.4871612145312E-5,
-5.62902853977181E-18,
7.56223634206827E-5,
1.07480189003243E-4,
7.63790697639703E-5,
-3.71898814716474E-18,
-7.71417587959191E-5,
-1.09637409188688E-4,
-7.79104583475089E-5,
1.30508486575115E-18,
7.86851964631436E-5,
1.1182870948096E-4,
7.94660014034816E-5,
8.3061833798309E-18,
-8.02529016491964E-5,
-1.14054409628723E-4,
-8.1045925903955E-5,
8.80782932919804E-18,
8.1845103097706E-5,
1.16314834390335E-4,
8.26504623901235E-5,
-4.54658541181143E-17,
-8.34620331742503E-5,
-1.18610313685464E-4,
-8.4279845079773E-5,
-2.39431128597993E-17,
8.51039279765484E-5,
1.2094118275045E-4,
8.59343119783295E-5,
-3.41050833141018E-17,
-8.67710274464991E-5,
-1.23307782299405E-4,
-8.76141049935549E-5,
-1.68359201381165E-17,
8.84635754872229E-5,
1.25710458690019E-4,
8.93194700538699E-5,
-2.17637928997003E-17,
-9.01818200827607E-5,
-1.28149564094828E-4,
-9.10506572299782E-5,
-9.12662446033181E-18,
9.19260134224174E-5,
1.30625456678168E-4,
9.28079208617364E-5,
-8.39571375745721E-18,
-9.3696412028684E-5,
-1.33138500778716E-4,
-9.45915196873432E-5,
-7.87102382662146E-19,
9.54932768894172E-5,
1.35689067097577E-4,
9.64017169785134E-5,
6.04664267954342E-18,
-9.73168735945456E-5,
-1.38277532893757E-4,
-9.82387806785809E-5,
8.21151693851263E-18,
9.91674724770001E-5,
1.4090428218425E-4,
1.00102983546281E-4,
2.16120378264417E-17,
-1.01045348758025E-4,
-1.43569705952531E-4,
-1.01994603303489E-4,
-3.1526596735888E-17,
1.02950782698441E-4,
1.46274202362417E-4,
1.0391392278826E-4,
-4.55737590009129E-17,
-1.04884059753126E-4,
-1.49018176980197E-4,
-1.05861230112934E-4,
-2.29917702161516E-17,
1.06845470732512E-4,
1.51802043003384E-4,
1.078368188272E-4,
-3.07755685184208E-17,
-1.0883531196792E-4,
-1.5462622149752E-4,
-1.09840988087E-4,
-1.37611147588429E-17,
1.10853885483623E-4,
1.57491141640983E-4,
1.11874042829314E-4,
-1.47919721671571E-17,
-1.1290149917396E-4,
-1.60397240977677E-4,
-1.13936293951685E-4,
-3.80358301721791E-18,
1.14978466986797E-4,
1.63344965678698E-4,
1.1602805849974E-4,
2.42951173943813E-18,
-1.17085109113338E-4,
-1.66334770813199E-4,
-1.18149659859155E-4,
6.9127664988274E-18,
1.19221752183981E-4,
1.69367120627231E-4,
1.2030142795584E-4,
2.0942891850239E-17,
-1.21388729471311E-4,
-1.72442488834188E-4,
-1.22483699461831E-4,
-4.09225060894244E-17,
1.23586381100481E-4,
1.75561358913287E-4,
1.24696818009073E-4,
-5.98870937810587E-17,
-1.25815054265441E-4,
-1.78724224420094E-4,
-1.26941134410354E-4,
-3.07463920463579E-17,
1.28075103454827E-4,
1.81931589306705E-4,
1.29217006887864E-4,
-4.22678179846926E-17,
-1.30366890683715E-4,
-1.85183968253904E-4,
-1.31524801309964E-4,
-1.97708651401875E-17,
1.32690785735216E-4,
1.8848188701483E-4,
1.33864891436837E-4,
-2.32876021097393E-17,
-1.35047166409449E-4,
-1.91825882770655E-4,
-1.36237659173188E-4,
-7.96135706823306E-18,
1.37436418782093E-4,
1.9521650449914E-4,
1.3864349483252E-4,
-2.88793383768898E-18,
-1.39858937472015E-4,
-1.98654313357042E-4,
-1.41082797408276E-4,
4.71779336832933E-18,
1.42315125918309E-4,
2.02139883074451E-4,
1.43555974857026E-4,
1.89915706634254E-17,
-1.44805396667543E-4,
-2.05673800366122E-4,
-1.46063444390199E-4,
1.83034014591768E-17,
1.4733017167221E-4,
2.09256665355104E-4,
1.48605632777693E-4,
-7.75642241211034E-17,
-1.49889882598071E-4,
-2.12889092014195E-4,
-1.5118297666197E-4,
-4.04004045476613E-17,
1.52484971145643E-4,
2.16571708621937E-4,
1.53795922883857E-4,
-5.67226129912425E-17,
-1.55115889380821E-4,
-2.20305158236779E-4,
-1.5644492882089E-4,
-2.74332038284511E-17,
1.57783100080131E-4,
2.24090099187961E-4,
1.59130462737591E-4,
-3.43240158458364E-17,
-1.6048707708718E-4,
-2.27927205585974E-4,
-1.61853004149448E-4,
-1.35121964550296E-17,
1.63228305683773E-4,
2.31817167850732E-4,
1.64613044200568E-4,
-1.03024807975711E-17,
-1.6600728297413E-4,
-2.35760693261535E-4,
-1.67411086055412E-4,
1.40288111481772E-18,
1.68824518284966E-4,
2.3975850652663E-4,
1.70247645306197E-4,
-5.33071541461002E-17,
-1.71680533579289E-4,
-2.4381135037557E-4,
-1.73123250394842E-4,
-2.45725966723479E-17,
1.74575863887949E-4,
2.47919986173902E-4,
1.76038443052627E-4,
-2.81679133337766E-17,
-1.7751105775655E-4,
-2.52085194562553E-4,
-1.78993778755835E-4,
-8.9633234748882E-18,
1.80486677710701E-4,
2.56307776121027E-4,
1.81989827200219E-4,
-1.25799648463617E-18,
-1.83503300739002E-4,
-2.60588552058151E-4,
-1.85027172793013E-4,
-3.70765403058141E-17,
1.86561518795977E-4,
2.64928364929103E-4,
1.88106415166152E-4,
-4.84232829325378E-17,
-1.89661939323749E-4,
-2.69328079381898E-4,
-1.91228169708222E-4,
-2.07533657946399E-17,
1.92805185796085E-4,
2.73788582932839E-4,
1.94393068119265E-4,
-2.02815221695236E-17,
-1.9599189828331E-4,
-2.78310786774865E-4,
-1.97601758986963E-4,
-3.29468112044324E-18,
1.99222734040933E-4,
2.8289562661708E-4,
2.00854908387566E-4,
9.79230312317278E-18,
-2.02498368121461E-4,
-2.87544063560112E-4,
-2.04153200509714E-4,
-3.40879810586597E-17,
2.05819494012822E-4,
2.92257085006465E-4,
2.07497338306083E-4,
-4.1861477953823E-17,
-2.09186824301605E-4,
-2.97035705610026E-4,
-2.10888044170432E-4,
-1.58423217542231E-17,
2.12601091365379E-4,
3.01880968263399E-4,
2.14326060644078E-4,
-1.04298211914013E-17,
-2.16063048092985E-4,
-3.0679394512891E-4,
-2.17812151151547E-4,
3.64293077892069E-18,
2.19573468636742E-4,
3.11775738711632E-4,
2.21347100768259E-4,
-6.62160163021207E-17,
-2.2313314919471E-4,
-3.1682748297925E-4,
-2.24931717019701E-4,
-3.00433467994824E-17,
2.26742908828711E-4,
3.21950344529469E-4,
2.28566830716651E-4,
-3.33874245111653E-17,
-2.30403590316004E-4,
-3.27145523808828E-4,
-2.32253296825309E-4,
-9.69001128288598E-18,
2.34116061039031E-4,
3.32414256383242E-4,
2.35991995376501E-4,
1.65177224490629E-18,
-2.37881213913587E-4,
-3.37757814266029E-4,
-2.39783832413542E-4,
1.20180125459552E-17,
2.41699968358895E-4,
3.43177507303425E-4,
2.43629740984113E-4,
-5.93182505208895E-17,
-2.4557327130933E-4,
-3.48674684622793E-4,
-2.47530682174279E-4,
-2.47939673539325E-17,
2.49502098273198E-4,
3.54250736144714E-4,
2.5148764619076E-4,
-2.27365133736455E-17,
-2.53487454438099E-4,
-3.59907094165312E-4,
-2.55501653490996E-4,
-2.12705908341949E-18,
2.57530375827371E-4,
3.65645235008672E-4,
2.59573755966304E-4,
1.62641366824426E-17,
-2.61631930508607E-4,
-3.71466680756841E-4,
-2.63705038177356E-4,
-4.18252708156278E-17,
2.65793219859649E-4,
3.77373001058649E-4,
2.67896618649446E-4,
-5.031398264252E-17,
-2.70015379891555E-4,
-3.83365815024469E-4,
-2.72149651226258E-4,
-1.81707884873559E-17,
2.74299582635299E-4,
3.89446793207825E-4,
2.76465326488618E-4,
-9.60669991344447E-18,
-2.78647037592752E-4,
-3.95617659683438E-4,
-2.80844873239987E-4,
7.04058411199013E-18,
2.83058993258505E-4,
4.01880194222517E-4,
2.85289560063885E-4,
-8.1367911387697E-17,
-2.87536738712422E-4,
-4.08236234573933E-4,
-2.89800696954899E-4,
-3.62855310241649E-17,
2.92081605291951E-4,
4.14687678855528E-4,
2.94379637030938E-4,
-3.8902493131345E-17,
-2.96694968344108E-4,
-4.21236488063325E-4,
-2.99027778327921E-4,
-9.97933728892009E-18,
3.01378249064791E-4,
4.27884688702911E-4,
3.03746565684347E-4,
6.35084554419629E-18,
-3.06132916428839E-4,
-4.34634375553652E-4,
-3.0853749271828E-4,
-5.66625594083503E-17,
3.10960489217677E-4,
4.41487714570128E-4,
3.13402103906051E-4,
-7.19420798527361E-17,
-3.15862538147558E-4,
-4.48446945931325E-4,
-3.18341996763785E-4,
-2.92281534380849E-17,
3.20840688108135E-4,
4.55514387244104E-4,
3.2335882414245E-4,
-2.47349441233729E-17,
-3.25896620514599E-4,
-4.62692436913635E-4,
-3.28454296639865E-4,
6.92748835976754E-21,
3.3103207578242E-4,
4.69983577686336E-4,
3.33630185139804E-4,
2.55441023621728E-17,
-3.36248855930368E-4,
-4.77390380380241E-4,
-3.38888323481844E-4,
-5.09196828304512E-17,
3.41548827322599E-4,
4.84915507810994E-4,
3.44230611275479E-4,
-5.98604180053572E-17,
-3.46933923554239E-4,
-4.92561718928824E-4,
-3.49659016862155E-4,
-2.04272134950437E-17,
3.52406148493642E-4,
5.00331873175303E-4,
3.5517558043822E-4,
-7.40118478666863E-18,
-3.57967579487915E-4,
-5.08228935079504E-4,
-3.6078241734716E-4,
1.20554962687013E-17,
3.63620370745448E-4,
5.16255979103463E-4,
3.664817215533E-4,
-9.94268815780605E-17,
-3.69366756902086E-4,
-5.24416194756604E-4,
-3.72275769306177E-4,
-4.35053181172057E-17,
3.75209056788854E-4,
5.3271289199491E-4,
3.78166923011955E-4,
-4.47153216947767E-17,
-3.8114967740897E-4,
-5.41149506924931E-4,
-3.84157635321608E-4,
-9.61440805051058E-18,
3.87191118141478E-4,
5.49729607830131E-4,
3.9025045345322E-4,
1.35880622291733E-17,
-3.93335975185032E-4,
-5.58456901545223E-4,
-3.96448023761174E-4,
2.64868208540083E-17,
3.99586946259456E-4,
5.67335240198222E-4,
4.02753096573429E-4,
-8.68539790308485E-17,
-4.05946835579708E-4,
-5.76368628347854E-4,
-4.09168531309452E-4,
-3.41540179370602E-17,
4.12418559125228E-4,
5.85561230541282E-4,
4.15697301903536E-4,
-2.60174814516983E-17,
-4.19005150221411E-4,
-5.94917379325201E-4,
-4.22342502550994E-4,
3.53388173585575E-18,
4.25709765457344E-4,
6.04441583736905E-4,
4.29107353803371E-4,
3.88255908699834E-17,
-4.32535690961896E-4,
-6.14138538314473E-4,
-4.35995209032741E-4,
-6.18765222691708E-17,
4.39486349066949E-4,
6.24013132659643E-4,
4.43009561298125E-4,
-7.08816403181855E-17,
-4.46565305380995E-4,
-6.3407046159692E-4,
-4.50154050636967E-4,
-2.25433912415599E-17,
4.53776276307848E-4,
6.44315835967531E-4,
4.57432471817045E-4,
-3.16962406379907E-18,
-4.61123137039752E-4,
-6.54754794111974E-4,
-4.64848782581273E-4,
1.94145436433066E-17,
4.68609930063925E-4,
6.65393114086378E-4,
4.72407112423463E-4,
-1.21608028964432E-16,
-4.76240874215833E-4,
-6.76236826672171E-4,
-4.80111771932734E-4,
-5.21071291687447E-17,
4.8402037432793E-4,
6.87292229238182E-4,
4.87967262754594E-4,
-5.09178547889655E-17,
-4.91953031513435E-4,
-6.98565900522205E-4,
-4.95978288212146E-4,
-8.27479254638261E-18,
5.00043654138438E-4,
7.10064716401102E-4,
5.04149764642289E-4,
2.45704734629821E-17,
-5.08297269535273E-4,
-7.21795866732216E-4,
-5.1248683350052E-4,
-8.55804525614555E-17,
5.16719136517413E-4,
7.33766873347525E-4,
5.2099487430108E-4,
-1.05124526727022E-16,
-5.25314758757475E-4,
-7.45985609296448E-4,
-5.29679518453432E-4,
-3.9800027901049E-17,
5.34089899103566E-4,
7.58460319437201E-4,
5.38546664074876E-4,
-2.6220217260938E-17,
-5.43050594907324E-4,
-7.71199642492645E-4,
-5.47602491856172E-4,
9.15433089203361E-18,
5.52203174450326E-4,
7.8421263468722E-4,
5.5685348207231E-4,
5.81431221401702E-17,
-5.61554274560316E-4,
-7.97508795104958E-4,
-5.66306432830449E-4,
-7.56614656194681E-17,
5.71110859522397E-4,
8.11098092912306E-4,
5.75968479669302E-4,
-8.4163729687839E-17,
-5.8088024139192E-4,
-8.24990996611665E-4,
-5.85847116619789E-4,
-2.44553554810061E-17,
5.90870101837952E-4,
8.39198505498611E-4,
5.95950218862959E-4,
4.16199852349704E-18,
-6.0108851564869E-4,
-8.53732183527348E-4,
-6.06286067122046E-4,
-4.30330200611703E-17,
6.11543976052152E-4,
8.68604195793693E-4,
6.1686337395144E-4,
-2.57465784800189E-17,
-6.22245422014406E-4,
-8.83827347882115E-4,
-6.27691312091313E-4,
-6.29046233792525E-17,
6.33202267701213E-4,
8.99415128336275E-4,
6.38779545085137E-4,
-5.77871571847941E-17,
-6.44424434302151E-4,
-9.15381754552079E-4,
-6.50138260368982E-4,
-5.42182400069906E-18,
6.55922384446012E-4,
9.31742222414226E-4,
6.61778205072399E-4,
-9.21182496224661E-17,
-6.67707159451366E-4,
-9.4851236004216E-4,
-6.73710724790153E-4,
-2.53164066780348E-17,
6.79790419694168E-4,
9.65708886043784E-4,
6.85947805621016E-4,
9.56517268880783E-18,
-6.92184488396408E-4,
-9.83349472727916E-4,
-6.98502119793701E-4,
-4.66736837028061E-17,
7.04902399182815E-4,
0.00100145281477141,
7.11387075248438E-4,
-2.47483664646396E-17,
-7.17957947785958E-4,
-0.00102003870390289,
-7.24616869574124E-4,
1.81707749001003E-17,
7.31365748331479E-4,
0.00103912811022139,
7.38206548759837E-4,
-6.16621796783263E-17,
-7.45141294680208E-4,
-0.00105874327085419,
-7.52172071264709E-4,
-3.13329623404905E-18,
7.59301027370285E-4,
0.00107890778673275,
7.66530377980408E-4,
-1.01395864382506E-16,
-7.7386240675892E-4,
-0.00109964672837268,
-7.81299468724714E-4,
-2.61053127813836E-17,
7.88843993050137E-4,
0.00112098675164604,
7.96498485993518E-4,
1.66550183003755E-17,
-8.04265533972062E-4,
-0.00114295622466865,
-8.12147806781642E-4,
-5.08935162900098E-17,
8.20148060974672E-4,
0.00116558536706395,
8.28269143400948E-4,
-2.30583443670822E-17,
-8.36513994926465E-4,
-0.00118890640304008,
-8.44885654334901E-4,
-7.76655844365621E-17,
8.53387262425978E-4,
0.00121295372989941,
8.62022066321071E-4,
-6.60301180506374E-17,
-8.70793423989306E-4,
-0.00123776410383314,
-8.79704809005975E-4,
9.28818288312058E-21,
8.88759815558115E-4,
0.00126337684509988,
8.9796216371319E-4,
-1.12578290312269E-16,
-9.07315704965043E-4,
-0.00128983406499438,
-9.16824428077595E-4,
-2.68161008689566E-17,
9.2649246524048E-4,
0.00131718091735086,
9.36324098560557E-4,
2.61087748929572E-17,
-9.46323766909238E-4,
-0.00134546587773532,
-9.56496073147145E-4,
-5.59705857308659E-17,
9.66845791753948E-4,
0.00137474105394619,
9.77377876885147E-4,
-2.04150870180269E-17,
-9.88097470890625E-4,
-0.00140506253200289,
-9.9900991331947E-4,
3.34247900623097E-17,
0.00101012075044795,
0.00143649076243916,
0.00102143574536493,
-7.11678334792577E-17,
-0.00103296088865412,
-0.00146909099249484,
-0.00104470240971325,
4.3781831709385E-18,
0.00105666678875569,
0.00150293375069088,
0.00106886076954421,
-1.26636429870856E-16,
-0.0010812913729067,
-0.00153809539135296,
-0.00109396591109466,
-2.74433894614425E-17,
0.00110689200304085,
0.00157465870791418,
0.00112007759058759,
3.90589318106027E-17,
-0.00113353095575646,
-0.00161271362535393,
-0.00114726073913681,
-6.23818149728159E-17,
0.00116127595948226,
0.00165235798394421,
0.00117558603460309,
-1.63784486977648E-17,
-0.00119020080366326,
-0.00169369842867151,
-0.0012051305509859,
-1.0084079268753E-16,
0.00122038603149249,
0.00173685142133274,
0.00123597849790629,
-7.75669027549268E-17,
-0.0012519197298654,
-0.00178194439551724,
-0.00126822206510216,
1.06252862264977E-17,
0.00128489843286291,
0.00182911707857023,
0.0013019623897595,
-1.45309327567244E-16,
-0.00131942815825802,
-0.0018785230094036,
-0.00133731066803949,
-2.79824292662721E-17,
0.00135562560047826,
0.00193033128685719,
0.00137438943652266,
-8.15057367528894E-17,
-0.00139361950828175,
-0.00198472859053175,
-0.00141333405465849,
-7.10117693478235E-17,
0.00143355228140285,
0.00204192152495235,
0.00145429442600247,
-1.01352715915533E-17,
-0.00147558182787083,
-0.00210213934907398,
-0.00149743700434269,
-2.82175535345447E-17,
0.00151988373304828,
0.00216563716710822,
0.00154294714129648,
-8.61779466297934E-17,
-0.00156665380317588,
-0.00223269967427745,
-0.00159103184516093,
2.00118894109514E-17,
0.00161611106110387,
0.00230364557344598,
0.00164192303760323,
-5.71853629341503E-18,
-0.00166850129085657,
-0.00237883280712977,
-0.00169588141624236,
-2.84291391351981E-17,
0.00172410125203718,
0.00245866478607536,
0.00175320105884798,
-9.18809924574081E-17,
-0.00178322371655148,
-0.00254359784313398,
-0.00181421494076458,
-8.3695426096784E-17,
0.00184622352114213,
0.00263415020317309,
0.00187930158411712,
1.65992973012766E-20,
-0.00191350488305713,
-0.00273091284139062,
-0.00194889311923251,
-2.86167853922554E-17,
0.00198553029748558,
0.00283456271071152,
0.00202348512105415,
-9.90891905619906E-17,
-0.00206283143067577,
-0.00294587896406742,
-0.00210364869387548,
3.5347263889345E-17,
0.00214602255125596,
0.00306576299367794,
0.00219004542769532,
7.68379455878391E-18,
-0.00223581721762936,
-0.00319526337791109,
-0.00228344605510944,
-2.87801369632589E-17,
0.00233304918113296,
0.00333560719754997,
0.00238475392288504,
-1.08607439463314E-16,
-0.00243869880211282,
-0.00348823970306452,
-0.00249503479294354,
-1.04945073938999E-16,
0.00255392675319255,
0.00365487505181366,
0.00261555505774054,
1.83638223126996E-17,
-0.00268011746806142,
-0.00383756189515968,
-0.00274783127871551,
-2.89188845121759E-17,
0.00281893578989492,
0.00403876914622782,
0.00289369516529776,
-1.21919124031801E-16,
-0.00297240174726474,
-0.00426149956423729,
-0.00305537991686846,
-2.89789478366866E-17,
0.00314299060641214,
0.00450944228202286,
0.00323563659671048,
3.4154204662073E-17,
-0.00333376876313819,
-0.00478718079811109,
-0.00343789347479436,
-2.90327652951831E-17,
0.00354858140303154,
0.00510048148185072,
0.00366647806280978,
-1.42090664132967E-16,
-0.00379231649805585,
-0.00545670145997519,
-0.00392693263762371,
-2.90803114063529E-17,
0.00407128400164628,
0.00586537778607466,
0.0042264726432872,
5.97335628344569E-17,
-0.00439377348855283,
-0.0063390994114126,
-0.00457466961646568,
-2.91215636582198E-17,
0.00477089654694156,
0.00689483409702986,
0.00498449833876688,
-1.76649621364013E-16,
-0.00521789934282646,
-0.00755601356133411,
-0.00547399695627538,
-2.91565025188038E-17,
0.00575628291645597,
0.00835593556299945,
0.00606900393338114,
-4.86193319012804E-17,
-0.00641737739621532,
-0.00934356745414421,
-0.00680788551847205,
-2.91851114453682E-17,
0.00724868334587018,
0.0105939925760397,
0.007750175595027,
-4.86617297218599E-17,
-0.00832584986490436,
-0.0122284994816211,
-0.00899350978974737,
-2.9207376892253E-17,
0.00977715157616566,
0.0144565866734503,
0.0107099128471183,
-4.86935456648619E-17,
-0.0118388839136791,
-0.0176739736589528,
-0.0132333152386343,
-2.92232883172876E-17,
0.0149993908709593,
0.0227286309574672,
0.0173086388967354,
-4.87147646661788E-17,
-0.0204573351092494,
-0.0318252821241964,
-0.025005111572555,
-2.92328381867832E-17,
0.0321511798654291,
0.053047913869913,
0.0450134901108209,
-4.87253766791077E-17,
-0.0750245261230971,
-0.159152407617027,
-0.225076642322221,
0.749993156669127,
-0.225076642322221,
-0.159152407617027,
-0.0750245261230971,
-4.87253766791077E-17,
0.0450134901108209,
0.053047913869913,
0.0321511798654291,
-2.92328381867832E-17,
-0.025005111572555,
-0.0318252821241964,
-0.0204573351092494,
-4.87147646661788E-17,
0.0173086388967354,
0.0227286309574672,
0.0149993908709593,
-2.92232883172876E-17,
-0.0132333152386343,
-0.0176739736589528,
-0.0118388839136791,
-4.86935456648619E-17,
0.0107099128471183,
0.0144565866734503,
0.00977715157616566,
-2.9207376892253E-17,
-0.00899350978974737,
-0.0122284994816211,
-0.00832584986490436,
-4.86617297218599E-17,
0.007750175595027,
0.0105939925760397,
0.00724868334587018,
-2.91851114453682E-17,
-0.00680788551847205,
-0.00934356745414421,
-0.00641737739621532,
-4.86193319012804E-17,
0.00606900393338114,
0.00835593556299945,
0.00575628291645597,
-2.91565025188038E-17,
-0.00547399695627538,
-0.00755601356133411,
-0.00521789934282646,
-1.76649621364013E-16,
0.00498449833876688,
0.00689483409702986,
0.00477089654694156,
-2.91215636582198E-17,
-0.00457466961646568,
-0.0063390994114126,
-0.00439377348855283,
5.97335628344569E-17,
0.0042264726432872,
0.00586537778607466,
0.00407128400164628,
-2.90803114063529E-17,
-0.00392693263762371,
-0.00545670145997519,
-0.00379231649805585,
-1.42090664132967E-16,
0.00366647806280978,
0.00510048148185072,
0.00354858140303154,
-2.90327652951831E-17,
-0.00343789347479436,
-0.00478718079811109,
-0.00333376876313819,
3.4154204662073E-17,
0.00323563659671048,
0.00450944228202286,
0.00314299060641214,
-2.89789478366866E-17,
-0.00305537991686846,
-0.00426149956423729,
-0.00297240174726474,
-1.21919124031801E-16,
0.00289369516529776,
0.00403876914622782,
0.00281893578989492,
-2.89188845121759E-17,
-0.00274783127871551,
-0.00383756189515968,
-0.00268011746806142,
1.83638223126996E-17,
0.00261555505774054,
0.00365487505181366,
0.00255392675319255,
-1.04945073938999E-16,
-0.00249503479294354,
-0.00348823970306452,
-0.00243869880211282,
-1.08607439463314E-16,
0.00238475392288504,
0.00333560719754997,
0.00233304918113296,
-2.87801369632589E-17,
-0.00228344605510944,
-0.00319526337791109,
-0.00223581721762936,
7.68379455878391E-18,
0.00219004542769532,
0.00306576299367794,
0.00214602255125596,
3.5347263889345E-17,
-0.00210364869387548,
-0.00294587896406742,
-0.00206283143067577,
-9.90891905619906E-17,
0.00202348512105415,
0.00283456271071152,
0.00198553029748558,
-2.86167853922554E-17,
-0.00194889311923251,
-0.00273091284139062,
-0.00191350488305713,
1.65992973012766E-20,
0.00187930158411712,
0.00263415020317309,
0.00184622352114213,
-8.3695426096784E-17,
-0.00181421494076458,
-0.00254359784313398,
-0.00178322371655148,
-9.18809924574081E-17,
0.00175320105884798,
0.00245866478607536,
0.00172410125203718,
-2.84291391351981E-17,
-0.00169588141624236,
-0.00237883280712977,
-0.00166850129085657,
-5.71853629341503E-18,
0.00164192303760323,
0.00230364557344598,
0.00161611106110387,
2.00118894109514E-17,
-0.00159103184516093,
-0.00223269967427745,
-0.00156665380317588,
-8.61779466297934E-17,
0.00154294714129648,
0.00216563716710822,
0.00151988373304828,
-2.82175535345447E-17,
-0.00149743700434269,
-0.00210213934907398,
-0.00147558182787083,
-1.01352715915533E-17,
0.00145429442600247,
0.00204192152495235,
0.00143355228140285,
-7.10117693478235E-17,
-0.00141333405465849,
-0.00198472859053175,
-0.00139361950828175,
-8.15057367528894E-17,
0.00137438943652266,
0.00193033128685719,
0.00135562560047826,
-2.79824292662721E-17,
-0.00133731066803949,
-0.0018785230094036,
-0.00131942815825802,
-1.45309327567244E-16,
0.0013019623897595,
0.00182911707857023,
0.00128489843286291,
1.06252862264977E-17,
-0.00126822206510216,
-0.00178194439551724,
-0.0012519197298654,
-7.75669027549268E-17,
0.00123597849790629,
0.00173685142133274,
0.00122038603149249,
-1.0084079268753E-16,
-0.0012051305509859,
-0.00169369842867151,
-0.00119020080366326,
-1.63784486977648E-17,
0.00117558603460309,
0.00165235798394421,
0.00116127595948226,
-6.23818149728159E-17,
-0.00114726073913681,
-0.00161271362535393,
-0.00113353095575646,
3.90589318106027E-17,
0.00112007759058759,
0.00157465870791418,
0.00110689200304085,
-2.74433894614425E-17,
-0.00109396591109466,
-0.00153809539135296,
-0.0010812913729067,
-1.26636429870856E-16,
0.00106886076954421,
0.00150293375069088,
0.00105666678875569,
4.3781831709385E-18,
-0.00104470240971325,
-0.00146909099249484,
-0.00103296088865412,
-7.11678334792577E-17,
0.00102143574536493,
0.00143649076243916,
0.00101012075044795,
3.34247900623097E-17,
-9.9900991331947E-4,
-0.00140506253200289,
-9.88097470890625E-4,
-2.04150870180269E-17,
9.77377876885147E-4,
0.00137474105394619,
9.66845791753948E-4,
-5.59705857308659E-17,
-9.56496073147145E-4,
-0.00134546587773532,
-9.46323766909238E-4,
2.61087748929572E-17,
9.36324098560557E-4,
0.00131718091735086,
9.2649246524048E-4,
-2.68161008689566E-17,
-9.16824428077595E-4,
-0.00128983406499438,
-9.07315704965043E-4,
-1.12578290312269E-16,
8.9796216371319E-4,
0.00126337684509988,
8.88759815558115E-4,
9.28818288312058E-21,
-8.79704809005975E-4,
-0.00123776410383314,
-8.70793423989306E-4,
-6.60301180506374E-17,
8.62022066321071E-4,
0.00121295372989941,
8.53387262425978E-4,
-7.76655844365621E-17,
-8.44885654334901E-4,
-0.00118890640304008,
-8.36513994926465E-4,
-2.30583443670822E-17,
8.28269143400948E-4,
0.00116558536706395,
8.20148060974672E-4,
-5.08935162900098E-17,
-8.12147806781642E-4,
-0.00114295622466865,
-8.04265533972062E-4,
1.66550183003755E-17,
7.96498485993518E-4,
0.00112098675164604,
7.88843993050137E-4,
-2.61053127813836E-17,
-7.81299468724714E-4,
-0.00109964672837268,
-7.7386240675892E-4,
-1.01395864382506E-16,
7.66530377980408E-4,
0.00107890778673275,
7.59301027370285E-4,
-3.13329623404905E-18,
-7.52172071264709E-4,
-0.00105874327085419,
-7.45141294680208E-4,
-6.16621796783263E-17,
7.38206548759837E-4,
0.00103912811022139,
7.31365748331479E-4,
1.81707749001003E-17,
-7.24616869574124E-4,
-0.00102003870390289,
-7.17957947785958E-4,
-2.47483664646396E-17,
7.11387075248438E-4,
0.00100145281477141,
7.04902399182815E-4,
-4.66736837028061E-17,
-6.98502119793701E-4,
-9.83349472727916E-4,
-6.92184488396408E-4,
9.56517268880783E-18,
6.85947805621016E-4,
9.65708886043784E-4,
6.79790419694168E-4,
-2.53164066780348E-17,
-6.73710724790153E-4,
-9.4851236004216E-4,
-6.67707159451366E-4,
-9.21182496224661E-17,
6.61778205072399E-4,
9.31742222414226E-4,
6.55922384446012E-4,
-5.42182400069906E-18,
-6.50138260368982E-4,
-9.15381754552079E-4,
-6.44424434302151E-4,
-5.77871571847941E-17,
6.38779545085137E-4,
8.99415128336275E-4,
6.33202267701213E-4,
-6.29046233792525E-17,
-6.27691312091313E-4,
-8.83827347882115E-4,
-6.22245422014406E-4,
-2.57465784800189E-17,
6.1686337395144E-4,
8.68604195793693E-4,
6.11543976052152E-4,
-4.30330200611703E-17,
-6.06286067122046E-4,
-8.53732183527348E-4,
-6.0108851564869E-4,
4.16199852349704E-18,
5.95950218862959E-4,
8.39198505498611E-4,
5.90870101837952E-4,
-2.44553554810061E-17,
-5.85847116619789E-4,
-8.24990996611665E-4,
-5.8088024139192E-4,
-8.4163729687839E-17,
5.75968479669302E-4,
8.11098092912306E-4,
5.71110859522397E-4,
-7.56614656194681E-17,
-5.66306432830449E-4,
-7.97508795104958E-4,
-5.61554274560316E-4,
5.81431221401702E-17,
5.5685348207231E-4,
7.8421263468722E-4,
5.52203174450326E-4,
9.15433089203361E-18,
-5.47602491856172E-4,
-7.71199642492645E-4,
-5.43050594907324E-4,
-2.6220217260938E-17,
5.38546664074876E-4,
7.58460319437201E-4,
5.34089899103566E-4,
-3.9800027901049E-17,
-5.29679518453432E-4,
-7.45985609296448E-4,
-5.25314758757475E-4,
-1.05124526727022E-16,
5.2099487430108E-4,
7.33766873347525E-4,
5.16719136517413E-4,
-8.55804525614555E-17,
-5.1248683350052E-4,
-7.21795866732216E-4,
-5.08297269535273E-4,
2.45704734629821E-17,
5.04149764642289E-4,
7.10064716401102E-4,
5.00043654138438E-4,
-8.27479254638261E-18,
-4.95978288212146E-4,
-6.98565900522205E-4,
-4.91953031513435E-4,
-5.09178547889655E-17,
4.87967262754594E-4,
6.87292229238182E-4,
4.8402037432793E-4,
-5.21071291687447E-17,
-4.80111771932734E-4,
-6.76236826672171E-4,
-4.76240874215833E-4,
-1.21608028964432E-16,
4.72407112423463E-4,
6.65393114086378E-4,
4.68609930063925E-4,
1.94145436433066E-17,
-4.64848782581273E-4,
-6.54754794111974E-4,
-4.61123137039752E-4,
-3.16962406379907E-18,
4.57432471817045E-4,
6.44315835967531E-4,
4.53776276307848E-4,
-2.25433912415599E-17,
-4.50154050636967E-4,
-6.3407046159692E-4,
-4.46565305380995E-4,
-7.08816403181855E-17,
4.43009561298125E-4,
6.24013132659643E-4,
4.39486349066949E-4,
-6.18765222691708E-17,
-4.35995209032741E-4,
-6.14138538314473E-4,
-4.32535690961896E-4,
3.88255908699834E-17,
4.29107353803371E-4,
6.04441583736905E-4,
4.25709765457344E-4,
3.53388173585575E-18,
-4.22342502550994E-4,
-5.94917379325201E-4,
-4.19005150221411E-4,
-2.60174814516983E-17,
4.15697301903536E-4,
5.85561230541282E-4,
4.12418559125228E-4,
-3.41540179370602E-17,
-4.09168531309452E-4,
-5.76368628347854E-4,
-4.05946835579708E-4,
-8.68539790308485E-17,
4.02753096573429E-4,
5.67335240198222E-4,
3.99586946259456E-4,
2.64868208540083E-17,
-3.96448023761174E-4,
-5.58456901545223E-4,
-3.93335975185032E-4,
1.35880622291733E-17,
3.9025045345322E-4,
5.49729607830131E-4,
3.87191118141478E-4,
-9.61440805051058E-18,
-3.84157635321608E-4,
-5.41149506924931E-4,
-3.8114967740897E-4,
-4.47153216947767E-17,
3.78166923011955E-4,
5.3271289199491E-4,
3.75209056788854E-4,
-4.35053181172057E-17,
-3.72275769306177E-4,
-5.24416194756604E-4,
-3.69366756902086E-4,
-9.94268815780605E-17,
3.664817215533E-4,
5.16255979103463E-4,
3.63620370745448E-4,
1.20554962687013E-17,
-3.6078241734716E-4,
-5.08228935079504E-4,
-3.57967579487915E-4,
-7.40118478666863E-18,
3.5517558043822E-4,
5.00331873175303E-4,
3.52406148493642E-4,
-2.04272134950437E-17,
-3.49659016862155E-4,
-4.92561718928824E-4,
-3.46933923554239E-4,
-5.98604180053572E-17,
3.44230611275479E-4,
4.84915507810994E-4,
3.41548827322599E-4,
-5.09196828304512E-17,
-3.38888323481844E-4,
-4.77390380380241E-4,
-3.36248855930368E-4,
2.55441023621728E-17,
3.33630185139804E-4,
4.69983577686336E-4,
3.3103207578242E-4,
6.92748835976754E-21,
-3.28454296639865E-4,
-4.62692436913635E-4,
-3.25896620514599E-4,
-2.47349441233729E-17,
3.2335882414245E-4,
4.55514387244104E-4,
3.20840688108135E-4,
-2.92281534380849E-17,
-3.18341996763785E-4,
-4.48446945931325E-4,
-3.15862538147558E-4,
-7.19420798527361E-17,
3.13402103906051E-4,
4.41487714570128E-4,
3.10960489217677E-4,
-5.66625594083503E-17,
-3.0853749271828E-4,
-4.34634375553652E-4,
-3.06132916428839E-4,
6.35084554419629E-18,
3.03746565684347E-4,
4.27884688702911E-4,
3.01378249064791E-4,
-9.97933728892009E-18,
-2.99027778327921E-4,
-4.21236488063325E-4,
-2.96694968344108E-4,
-3.8902493131345E-17,
2.94379637030938E-4,
4.14687678855528E-4,
2.92081605291951E-4,
-3.62855310241649E-17,
-2.89800696954899E-4,
-4.08236234573933E-4,
-2.87536738712422E-4,
-8.1367911387697E-17,
2.85289560063885E-4,
4.01880194222517E-4,
2.83058993258505E-4,
7.04058411199013E-18,
-2.80844873239987E-4,
-3.95617659683438E-4,
-2.78647037592752E-4,
-9.60669991344447E-18,
2.76465326488618E-4,
3.89446793207825E-4,
2.74299582635299E-4,
-1.81707884873559E-17,
-2.72149651226258E-4,
-3.83365815024469E-4,
-2.70015379891555E-4,
-5.031398264252E-17,
2.67896618649446E-4,
3.77373001058649E-4,
2.65793219859649E-4,
-4.18252708156278E-17,
-2.63705038177356E-4,
-3.71466680756841E-4,
-2.61631930508607E-4,
1.62641366824426E-17,
2.59573755966304E-4,
3.65645235008672E-4,
2.57530375827371E-4,
-2.12705908341949E-18,
-2.55501653490996E-4,
-3.59907094165312E-4,
-2.53487454438099E-4,
-2.27365133736455E-17,
2.5148764619076E-4,
3.54250736144714E-4,
2.49502098273198E-4,
-2.47939673539325E-17,
-2.47530682174279E-4,
-3.48674684622793E-4,
-2.4557327130933E-4,
-5.93182505208895E-17,
2.43629740984113E-4,
3.43177507303425E-4,
2.41699968358895E-4,
1.20180125459552E-17,
-2.39783832413542E-4,
-3.37757814266029E-4,
-2.37881213913587E-4,
1.65177224490629E-18,
2.35991995376501E-4,
3.32414256383242E-4,
2.34116061039031E-4,
-9.69001128288598E-18,
-2.32253296825309E-4,
-3.27145523808828E-4,
-2.30403590316004E-4,
-3.33874245111653E-17,
2.28566830716651E-4,
3.21950344529469E-4,
2.26742908828711E-4,
-3.00433467994824E-17,
-2.24931717019701E-4,
-3.1682748297925E-4,
-2.2313314919471E-4,
-6.62160163021207E-17,
2.21347100768259E-4,
3.11775738711632E-4,
2.19573468636742E-4,
3.64293077892069E-18,
-2.17812151151547E-4,
-3.0679394512891E-4,
-2.16063048092985E-4,
-1.04298211914013E-17,
2.14326060644078E-4,
3.01880968263399E-4,
2.12601091365379E-4,
-1.58423217542231E-17,
-2.10888044170432E-4,
-2.97035705610026E-4,
-2.09186824301605E-4,
-4.1861477953823E-17,
2.07497338306083E-4,
2.92257085006465E-4,
2.05819494012822E-4,
-3.40879810586597E-17,
-2.04153200509714E-4,
-2.87544063560112E-4,
-2.02498368121461E-4,
9.79230312317278E-18,
2.00854908387566E-4,
2.8289562661708E-4,
1.99222734040933E-4,
-3.29468112044324E-18,
-1.97601758986963E-4,
-2.78310786774865E-4,
-1.9599189828331E-4,
-2.02815221695236E-17,
1.94393068119265E-4,
2.73788582932839E-4,
1.92805185796085E-4,
-2.07533657946399E-17,
-1.91228169708222E-4,
-2.69328079381898E-4,
-1.89661939323749E-4,
-4.84232829325378E-17,
1.88106415166152E-4,
2.64928364929103E-4,
1.86561518795977E-4,
-3.70765403058141E-17,
-1.85027172793013E-4,
-2.60588552058151E-4,
-1.83503300739002E-4,
-1.25799648463617E-18,
1.81989827200219E-4,
2.56307776121027E-4,
1.80486677710701E-4,
-8.9633234748882E-18,
-1.78993778755835E-4,
-2.52085194562553E-4,
-1.7751105775655E-4,
-2.81679133337766E-17,
1.76038443052627E-4,
2.47919986173902E-4,
1.74575863887949E-4,
-2.45725966723479E-17,
-1.73123250394842E-4,
-2.4381135037557E-4,
-1.71680533579289E-4,
-5.33071541461002E-17,
1.70247645306197E-4,
2.3975850652663E-4,
1.68824518284966E-4,
1.40288111481772E-18,
-1.67411086055412E-4,
-2.35760693261535E-4,
-1.6600728297413E-4,
-1.03024807975711E-17,
1.64613044200568E-4,
2.31817167850732E-4,
1.63228305683773E-4,
-1.35121964550296E-17,
-1.61853004149448E-4,
-2.27927205585974E-4,
-1.6048707708718E-4,
-3.43240158458364E-17,
1.59130462737591E-4,
2.24090099187961E-4,
1.57783100080131E-4,
-2.74332038284511E-17,
-1.5644492882089E-4,
-2.20305158236779E-4,
-1.55115889380821E-4,
-5.67226129912425E-17,
1.53795922883857E-4,
2.16571708621937E-4,
1.52484971145643E-4,
-4.04004045476613E-17,
-1.5118297666197E-4,
-2.12889092014195E-4,
-1.49889882598071E-4,
-7.75642241211034E-17,
1.48605632777693E-4,
2.09256665355104E-4,
1.4733017167221E-4,
1.83034014591768E-17,
-1.46063444390199E-4,
-2.05673800366122E-4,
-1.44805396667543E-4,
1.89915706634254E-17,
1.43555974857026E-4,
2.02139883074451E-4,
1.42315125918309E-4,
4.71779336832933E-18,
-1.41082797408276E-4,
-1.98654313357042E-4,
-1.39858937472015E-4,
-2.88793383768898E-18,
1.3864349483252E-4,
1.9521650449914E-4,
1.37436418782093E-4,
-7.96135706823306E-18,
-1.36237659173188E-4,
-1.91825882770655E-4,
-1.35047166409449E-4,
-2.32876021097393E-17,
1.33864891436837E-4,
1.8848188701483E-4,
1.32690785735216E-4,
-1.97708651401875E-17,
-1.31524801309964E-4,
-1.85183968253904E-4,
-1.30366890683715E-4,
-4.22678179846926E-17,
1.29217006887864E-4,
1.81931589306705E-4,
1.28075103454827E-4,
-3.07463920463579E-17,
-1.26941134410354E-4,
-1.78724224420094E-4,
-1.25815054265441E-4,
-5.98870937810587E-17,
1.24696818009073E-4,
1.75561358913287E-4,
1.23586381100481E-4,
-4.09225060894244E-17,
-1.22483699461831E-4,
-1.72442488834188E-4,
-1.21388729471311E-4,
2.0942891850239E-17,
1.2030142795584E-4,
1.69367120627231E-4,
1.19221752183981E-4,
6.9127664988274E-18,
-1.18149659859155E-4,
-1.66334770813199E-4,
-1.17085109113338E-4,
2.42951173943813E-18,
1.1602805849974E-4,
1.63344965678698E-4,
1.14978466986797E-4,
-3.80358301721791E-18,
-1.13936293951685E-4,
-1.60397240977677E-4,
-1.1290149917396E-4,
-1.47919721671571E-17,
1.11874042829314E-4,
1.57491141640983E-4,
1.10853885483623E-4,
-1.37611147588429E-17,
-1.09840988087E-4,
-1.5462622149752E-4,
-1.0883531196792E-4,
-3.07755685184208E-17,
1.078368188272E-4,
1.51802043003384E-4,
1.06845470732512E-4,
-2.29917702161516E-17,
-1.05861230112934E-4,
-1.49018176980197E-4,
-1.04884059753126E-4,
-4.55737590009129E-17,
1.0391392278826E-4,
1.46274202362417E-4,
1.02950782698441E-4,
-3.1526596735888E-17,
-1.01994603303489E-4,
-1.43569705952531E-4,
-1.01045348758025E-4,
2.16120378264417E-17,
1.00102983546281E-4,
1.4090428218425E-4,
9.91674724770001E-5,
8.21151693851263E-18,
-9.82387806785809E-5,
-1.38277532893757E-4,
-9.73168735945456E-5,
6.04664267954342E-18,
9.64017169785134E-5,
1.35689067097577E-4,
9.54932768894172E-5,
-7.87102382662146E-19,
-9.45915196873432E-5,
-1.33138500778716E-4,
-9.3696412028684E-5,
-8.39571375745721E-18,
9.28079208617364E-5,
1.30625456678168E-4,
9.19260134224174E-5,
-9.12662446033181E-18,
-9.10506572299782E-5,
-1.28149564094828E-4,
-9.01818200827607E-5,
-2.17637928997003E-17,
8.93194700538699E-5,
1.25710458690019E-4,
8.84635754872229E-5,
-1.68359201381165E-17,
-8.76141049935549E-5,
-1.23307782299405E-4,
-8.67710274464991E-5,
-3.41050833141018E-17,
8.59343119783295E-5,
1.2094118275045E-4,
8.51039279765484E-5,
-2.39431128597993E-17,
-8.4279845079773E-5,
-1.18610313685464E-4,
-8.34620331742503E-5,
-4.54658541181143E-17,
8.26504623901235E-5,
1.16314834390335E-4,
8.1845103097706E-5,
8.80782932919804E-18,
-8.1045925903955E-5,
-1.14054409628723E-4,
-8.02529016491964E-5,
8.3061833798309E-18,
7.94660014034816E-5,
1.1182870948096E-4,
7.86851964631436E-5,
1.30508486575115E-18,
-7.79104583475089E-5,
-1.09637409188688E-4,
-7.71417587959191E-5,
-3.71898814716474E-18,
7.63790697639703E-5,
1.07480189003243E-4,
7.56223634206827E-5,
-5.62902853977181E-18,
-7.4871612145312E-5,
-1.05356734040035E-4,
-7.41267885242403E-5,
-1.48184779243524E-17,
7.33878653478364E-5,
1.0326673413583E-4,
7.26548156075708E-5,
-1.20207923176972E-17,
-7.19276124930956E-5,
-1.01209883711935E-4,
-7.120622938937E-5,
-2.50355514414797E-17,
7.04906398735868E-5,
9.91858816404529E-5,
6.97808177125125E-5,
-1.78958495895349E-17,
-6.90767368598156E-5,
-9.71944311150329E-5,
-6.83783714531487E-5,
-3.44124298739506E-17,
6.76856958116251E-5,
9.52352395255261E-5,
6.69986844330267E-5,
8.87174505763289E-18,
-6.63173119912142E-5,
-9.33080183364332E-5,
-6.56415533337305E-5,
9.50815562004685E-18,
6.49713834791393E-5,
9.1412482968791E-5,
6.43067776144788E-5,
2.66260262129273E-18,
-6.36477110928438E-5,
-8.95483526860857E-5,
-6.29941594312102E-5,
-4.30311746893322E-19,
6.2346098307655E-5,
8.77153504828668E-5,
6.17035035592907E-5,
-3.06049954444784E-18,
-6.10663511799086E-5,
-8.5913202977646E-5,
-6.04346173176764E-5,
-9.57887236318237E-18,
5.98082782728455E-5,
8.41416403078527E-5,
5.91873104956216E-5,
-8.32161242805599E-18,
-5.85716905840093E-5,
-8.24003960290452E-5,
-5.79613952816832E-5,
-1.79771434855459E-17,
5.73564014757307E-5,
8.06892070163471E-5,
5.67566861946896E-5,
-1.31442302098261E-17,
-5.61622266065782E-5,
-7.90078133690365E-5,
-5.5573000016716E-5,
-2.5663828969744E-17,
5.49889838658974E-5,
7.73559583180746E-5,
5.4410155728306E-5,
-1.75513074948092E-17,
-5.38364933095979E-5,
-7.57333881362507E-5,
-5.32679744451314E-5,
9.91773568623575E-18,
5.27045770980133E-5,
7.4139852050916E-5,
5.21462793572002E-5,
3.45284142549973E-18,
-5.15930594357078E-5,
-7.25751021595603E-5,
-5.10448956689805E-5,
1.76267723466743E-18,
5.05017665129629E-5,
7.10388933474015E-5,
4.99636505423093E-5,
-1.23784061822126E-18,
-4.94305264489004E-5,
-6.95309832080606E-5,
-4.89023730399908E-5,
-5.72707471232889E-18,
4.83791692365556E-5,
6.80511319657181E-5,
4.78608940717072E-5,
-5.54032068789008E-18,
-4.73475266890942E-5,
-6.65991024005457E-5,
-4.68390463413145E-5,
-1.25879200617E-17,
4.63354323882525E-5,
6.51746597753435E-5,
4.58366642956215E-5,
-9.47619254505418E-18,
-4.53427216334684E-5,
-6.37775717650192E-5,
-4.48535840747093E-5,
-1.88554434973902E-17,
4.43692313934611E-5,
6.24076083878668E-5,
4.38896434638193E-5,
-1.30665671699057E-17,
-4.34148002582596E-5,
-6.10645419388452E-5,
-4.29446818463587E-5,
-2.45644352933303E-17,
4.24792683933569E-5,
5.97481469248217E-5,
4.20185401587358E-5,
3.82455103165766E-18,
-4.15624774948866E-5,
-5.84582000018339E-5,
-4.11110608459004E-5,
3.11970219249523E-18,
4.06642707461446E-5,
5.71944799138963E-5,
4.02220878189503E-5,
1.68082616229021E-21,
-3.97844927753699E-5,
-5.59567674340413E-5,
-3.93514664130862E-5,
-2.98066232616023E-18,
3.89229896148981E-5,
5.47448453064875E-5,
3.84990433476918E-5,
-3.50091220269347E-18,
-3.80796086612177E-5,
-5.35584981912388E-5,
-3.76646666869042E-5,
-8.56389108270079E-18,
3.72541986366328E-5,
5.2397512609453E-5,
3.68481858016533E-5,
-6.70310829189027E-18,
-3.64466095514703E-5,
-5.12616768912484E-5,
-3.60494513327504E-5,
-1.3662749123133E-17,
3.5656692668106E-5,
5.01507811244286E-5,
3.52683151550994E-5,
-9.62434760751095E-18,
-3.48843004652318E-5,
-4.90646171049817E-5,
-3.45046303428043E-5,
-1.83092757356766E-17,
3.41292866039588E-5,
4.80029782889795E-5,
3.37582511355915E-5,
-1.22836393209398E-17,
-3.33915058943629E-5,
-4.69656597459402E-5,
-3.30290329058001E-5,
3.8724119815405E-18,
3.26708142632479E-5,
4.59524581134055E-5,
3.23168321268874E-5,
8.03280294795204E-19,
-3.19670687228113E-5,
-4.49631715531438E-5,
-3.162150634222E-5,
-1.08745579077386E-18,
3.12801273402943E-5,
4.39975997082396E-5,
3.09429141354375E-5,
-2.04611536696178E-18,
-3.06098492083646E-5,
-4.30555436619769E-5,
-3.02809151012166E-5,
-5.63320152943254E-18,
2.99560944166626E-5,
4.21368058973275E-5,
2.9635369817093E-5,
-4.65614017354766E-18,
-2.9318724023794E-5,
-4.12411902582515E-5,
-2.90061398161331E-5,
-9.79499651884394E-18,
2.8697600030665E-5,
4.03685019117245E-5,
2.83930875603934E-5,
-7.04469384771847E-18,
-2.80925853540239E-5,
-3.95185473110564E-5,
-2.77960764151109E-5,
-1.36023380718095E-17,
2.75035438013652E-5,
3.86911341603261E-5,
2.72149706238414E-5,
-9.22927509789362E-18,
-2.69303400462045E-5,
-3.78860713798692E-5,
-2.66496352840681E-5,
4.22759557830551E-18,
2.6372839604227E-5,
3.71031690727353E-5,
2.6099936323926E-5,
1.29674347085021E-18,
-2.5830908810177E-5,
-3.63422384923373E-5,
-2.55657404791568E-5,
1.7820577919751E-19,
2.53044147954409E-5,
3.56030920108102E-5,
2.50469152713151E-5,
-1.03501986960189E-18,
-2.47932254662366E-5,
-3.48855430887054E-5,
-2.45433289861092E-5,
-3.55196601887464E-18,
2.42972094826457E-5,
3.41894062451548E-5,
2.40548506527726E-5,
-3.18362486352626E-18,
-2.3816236238023E-5,
-3.35144970294856E-5,
-2.35813500239353E-5,
-6.99066822074326E-18,
2.33501758394009E-5,
3.28606319931895E-5,
2.3122697556124E-5,
-5.16552948465078E-18,
-2.28988990880578E-5,
-3.22276286631453E-5,
-2.2678764390856E-5,
-1.01650145030919E-17,
2.24622774612097E-5,
3.1615305515514E-5,
2.22494223364167E-5,
-6.9968134307859E-18,
-2.20401830937575E-5,
-3.10234819504828E-5,
-2.18345438500324E-5,
-1.31014922137912E-17,
2.16324887610065E-5,
3.04519782677828E-5,
2.14340020208709E-5,
1.5979054587498E-18,
-2.12390678617449E-5,
-2.99006156430823E-5,
-2.10476705532414E-5,
1.01811695869646E-18,
2.08597944019113E-5,
2.93692161049579E-5,
2.0675423750753E-5,
-3.41381113243566E-19,
-2.04945429787524E-5,
-2.8857602512867E-5,
-2.03171365005027E-5,
-2.10128157033001E-18,
2.01431887655947E-5,
2.8365598535501E-5,
1.99726842582639E-5,
-2.14919104474918E-18,
-1.98056074969352E-5,
-2.78930286302557E-5,
-1.96419430337858E-5,
-5.01420413084405E-18,
1.94816754542776E-5,
2.74397180229117E-5,
1.9324789376769E-5,
-3.84061574868471E-18,
-1.91712694521102E-5,
-2.70054926884522E-5,
-1.90211003632472E-5,
-7.7455015458156E-18,
1.88742668247523E-5,
2.659017933218E-5,
1.87307535824767E-5,
-5.4303857699313E-18,
-1.85905454131915E-5,
-2.61936053716402E-5,
-1.84536271241623E-5,
-1.03194263770242E-17,
1.83199835528081E-5,
2.58155989191056E-5,
1.81895995662999E-5,
1.80970181159788E-18,
-1.80624600612063E-5,
-2.54559887647196E-5,
-1.79385499631901E-5,
1.61209904822427E-18,
1.78178542266139E-5,
2.5114604360114E-5,
1.77003578341868E-5,
1.47594418190303E-19,
-1.75860457966405E-5,
-2.4791275802783E-5,
-1.74749031524702E-5,
-1.08508141756011E-18,
1.736691496749E-5,
2.44858338207669E-5,
1.72620663345967E-5,
-1.43040410497699E-18,
-1.71603423734462E-5,
-2.4198109758198E-5,
-1.70617282301442E-5,
-3.65363878361988E-18,
1.69662090769202E-5,
2.39279355610087E-5,
1.6873770111859E-5,
-2.93807656522124E-18,
-1.67843965586181E-5,
-2.3675143763527E-5,
-1.66980736661526E-5,
-6.11625432905897E-18,
1.66147867083834E-5,
2.34395674753119E-5,
1.65345209839619E-5,
-4.38885845399312E-18,
-1.64572618160262E-5,
-2.32210403685951E-5,
-1.63829945518961E-5,
-8.49503298536566E-18,
1.63117045628516E-5,
2.30193966661924E-5,
1.62433772438482E-5,
-5.79584092159048E-18,
-1.61779980132736E-5,
-2.28344711298981E-5,
-1.61155523127485E-5,
2.11936132758614E-18,
1.60560256068551E-5,
2.26660990492725E-5,
1.59994033828918E-5,
5.32124881732343E-19,
-1.59456711506546E-5,
-2.25141162310076E-5,
-1.58948144422672E-5,
-3.28584572296457E-19,
1.58468188119027E-5,
2.23783589885376E-5,
1.58016698355564E-5,
-9.17785585912019E-19,
-1.575935311091E-5,
-2.22586641323297E-5,
-1.57198542570791E-5,
-2.71889007630718E-18,
1.56831589144055E-5,
2.21548689602784E-5,
1.56492527442824E-5,
-2.33932949430447E-18,
-1.56181214289688E-5,
-2.20668112488685E-5,
-1.55897506714076E-5
