0.00000000000000000000e+00,
9.96551596004490170000e-01,
1.12484444888695960000e+00,
3.82683432365089890000e-01,
-3.66025403784438540000e-01,
-2.57263974775717940000e-01,
7.07106781186547240000e-01,
1.65937874407567350000e+00,
1.73205080756887760000e+00,
9.23879532511287070000e-01,
9.99004225046296050000e-02,
1.25419457589371230000e-01,
9.99999999999999560000e-01,
1.85747026515824910000e+00,
1.83195123007350750000e+00,
9.23879532511289290000e-01,
9.99200722162640890000e-16,
-7.26720634932032090000e-02,
7.07106781186546800000e-01,
1.47478683279315860000e+00,
1.36602540378443840000e+00,
3.82683432365090730000e-01,
-6.07206358681916520000e-01,
-7.35499211564386910000e-01,
-8.57252759403147220000e-16,
7.35499211564387470000e-01,
6.07206358681917860000e-01,
-3.82683432365088560000e-01,
-1.36602540378443730000e+00,
-1.47478683279315930000e+00,
-7.07106781186551900000e-01,
7.26720634932024320000e-02,
1.99840144432528180000e-15,
-9.23879532511289070000e-01,
-1.83195123007350750000e+00,
-1.85747026515824930000e+00,
-1.00000000000000160000e+00,
-1.25419457589373230000e-01,
-9.99004225046278280000e-02,
-9.23879532511281850000e-01,
-1.73205080756887760000e+00,
-1.65937874407567820000e+00,
-7.07106781186549350000e-01,
2.57263974775716280000e-01,
3.66025403784440260000e-01,
-3.82683432365091280000e-01,
-1.12484444888695960000e+00,
-9.96551596004490730000e-01,
-2.20436423846523580000e-15,
9.96551596004488170000e-01,
1.12484444888695820000e+00,
3.82683432365094780000e-01,
-3.66025403784438820000e-01,
-2.57263974775718610000e-01,
7.07106781186545130000e-01,
1.65937874407567200000e+00,
1.73205080756887940000e+00,
9.23879532511292400000e-01,
9.99004225046297160000e-02,
1.25419457589371120000e-01,
9.99999999999990450000e-01,
1.85747026515824730000e+00,
1.83195123007350950000e+00,
9.23879532511285740000e-01,
4.21884749357559490000e-15,
-7.26720634932040980000e-02,
7.07106781186551570000e-01,
1.47478683279315770000e+00,
1.36602540378443750000e+00,
3.82683432365096890000e-01,
-6.07206358681917640000e-01,
-7.35499211564385020000e-01,
-2.57175827820944170000e-15,
7.35499211564382800000e-01,
6.07206358681921190000e-01,
-3.82683432365090340000e-01,
-1.36602540378443390000e+00,
-1.47478683279316010000e+00,
-7.07106781186556900000e-01,
7.26720634932016550000e-02,
-7.77156117237609580000e-16,
-9.23879532511279520000e-01,
-1.83195123007349880000e+00,
-1.85747026515824660000e+00,
-1.00000000000000330000e+00,
-1.25419457589377890000e-01,
-9.99004225046268290000e-02,
-9.23879532511273190000e-01,
-1.73205080756887360000e+00,
-1.65937874407566710000e+00,
-7.07106781186543800000e-01,
2.57263974775715050000e-01,
3.66025403784438260000e-01,
-3.82683432365070740000e-01,
-1.12484444888695890000e+00,
-9.96551596004496390000e-01,
-4.40872847693047160000e-15,
9.96551596004482620000e-01,
1.12484444888696180000e+00,
3.82683432365077620000e-01,
-3.66025403784440820000e-01,
-2.57263974775711280000e-01,
7.07106781186535250000e-01,
1.65937874407566270000e+00,
1.73205080756887720000e+00,
9.23879532511280740000e-01,
9.99004225046304930000e-02,
1.25419457589373780000e-01,
9.99999999999995560000e-01,
1.85747026515824980000e+00,
1.83195123007351060000e+00,
9.23879532511302730000e-01,
5.21804821573823570000e-15,
-7.26720634932109810000e-02,
7.07106781186536800000e-01,
1.47478683279316260000e+00,
1.36602540378443860000e+00,
3.82683432365083230000e-01,
-6.07206358681916300000e-01,
-7.35499211564396460000e-01,
-1.67207616728174900000e-14,
7.35499211564387470000e-01,
6.07206358681922410000e-01,
-3.82683432365072300000e-01,
-1.36602540378443260000e+00,
-1.47478683279316080000e+00,
-7.07106781186545690000e-01,
7.26720634932068730000e-02,
8.32667268468867410000e-15,
-9.23879532511277520000e-01,
-1.83195123007350520000e+00,
-1.85747026515824750000e+00,
-9.99999999999991230000e-01,
-1.25419457589378780000e-01,
-9.99004225046259410000e-02,
-9.23879532511284850000e-01,
-1.73205080756887900000e+00,
-1.65937874407568440000e+00,
-7.07106781186561450000e-01,
2.57263974775713940000e-01,
3.66025403784439040000e-01,
-3.82683432365068970000e-01,
-1.12484444888696360000e+00,
-9.96551596004479730000e-01,
-6.61309271539570670000e-15,
9.96551596004490170000e-01,
1.12484444888696800000e+00,
3.82683432365104490000e-01,
-3.66025403784434430000e-01,
-2.57263974775720940000e-01,
7.07106781186548680000e-01,
1.65937874407566130000e+00,
1.73205080756888430000e+00,
9.23879532511268970000e-01,
9.99004225046314920000e-02,
1.25419457589358020000e-01,
9.99999999999979460000e-01,
1.85747026515824180000e+00,
1.83195123007351150000e+00,
9.23879532511289850000e-01,
-1.66533453693773480000e-15,
-7.26720634931997680000e-02,
7.07106781186535030000e-01,
1.47478683279314460000e+00,
1.36602540378445700000e+00,
3.82683432365117090000e-01,
-6.07206358681924070000e-01,
-7.35499211564391910000e-01,
-6.00076931582203010000e-15,
7.35499211564376030000e-01,
6.07206358681932510000e-01,
-3.82683432365070080000e-01,
-1.36602540378443150000e+00,
-1.47478683279317300000e+00,
-7.07106781186573440000e-01,
7.26720634931939950000e-02,
9.32587340685131490000e-15,
-9.23879532511305280000e-01,
-1.83195123007351950000e+00,
-1.85747026515824840000e+00,
-9.99999999999993120000e-01,
-1.25419457589365120000e-01,
-9.99004225046250530000e-02,
-9.23879532511283070000e-01,
-1.73205080756887810000e+00,
-1.65937874407570220000e+00,
-7.07106781186594420000e-01,
2.57263974775712720000e-01,
3.66025403784439820000e-01,
-3.82683432365092390000e-01,
-1.12484444888695200000e+00,
-9.96551596004498830000e-01,
-8.81745695386094330000e-15,
9.96551596004489060000e-01,
1.12484444888696870000e+00,
3.82683432365106210000e-01,
-3.66025403784433660000e-01,
-2.57263974775722050000e-01,
7.07106781186577330000e-01,
1.65937874407567640000e+00,
1.73205080756887250000e+00,
9.23879532511270860000e-01,
9.99004225046190570000e-02,
1.25419457589357130000e-01,
9.99999999999977460000e-01,
1.85747026515824110000e+00,
1.83195123007352790000e+00,
9.23879532511321710000e-01,
-5.55111512312578270000e-16,
-7.26720634932006560000e-02,
7.07106781186559120000e-01,
1.47478683279315530000e+00,
1.36602540378444100000e+00,
3.82683432365087620000e-01,
-6.07206358681922740000e-01,
-7.35499211564392570000e-01,
-7.71527483462832540000e-15,
7.35499211564385910000e-01,
6.07206358681916080000e-01,
-3.82683432365131300000e-01,
-1.36602540378443040000e+00,
-1.47478683279316240000e+00,
-7.07106781186575330000e-01,
7.26720634931931060000e-02,
1.04360964314764710000e-14,
-9.23879532511273420000e-01,
-1.83195123007348810000e+00,
-1.85747026515826330000e+00,
-1.00000000000002350000e+00,
-1.25419457589380890000e-01,
-9.99004225046374870000e-02,
-9.23879532511308170000e-01,
-1.73205080756887720000e+00,
-1.65937874407567040000e+00,
-7.07106781186534690000e-01,
2.57263974775728600000e-01,
3.66025403784440480000e-01,
-3.82683432365090670000e-01,
-1.12484444888694050000e+00,
-9.96551596004517700000e-01,
-4.29962443015306840000e-14,
9.96551596004487840000e-01,
1.12484444888695870000e+00,
3.82683432365107990000e-01,
-3.66025403784432880000e-01,
-2.57263974775723270000e-01,
7.07106781186513490000e-01,
1.65937874407567550000e+00,
1.73205080756888590000e+00,
9.23879532511326930000e-01,
9.99004225046332680000e-02,
1.25419457589385440000e-01,
1.00000000000000400000e+00,
1.85747026515826750000e+00,
1.83195123007349860000e+00,
9.23879532511293950000e-01,
1.65423230669148320000e-14,
-7.26720634932254140000e-02,
7.07106781186531470000e-01,
1.47478683279314330000e+00,
1.36602540378444240000e+00,
3.82683432365121480000e-01,
-6.07206358681921520000e-01,
-7.35499211564393240000e-01,
1.54392153981688870000e-14,
7.35499211564385140000e-01,
6.07206358681934950000e-01,
-3.82683432365097440000e-01,
-1.36602540378442900000e+00,
-1.47478683279315170000e+00,
-7.07106781186551010000e-01,
7.26720634931922180000e-02,
-4.44089209850062620000e-15,
-9.23879532511271420000e-01,
-1.83195123007348700000e+00,
-1.85747026515825060000e+00,
-1.00000000000002550000e+00,
-1.25419457589367230000e-01,
-9.99004225046232760000e-02,
-9.23879532511252210000e-01,
-1.73205080756887650000e+00,
-1.65937874407568800000e+00,
-7.07106781186598750000e-01,
2.57263974775710390000e-01,
3.66025403784430160000e-01,
-3.82683432365088890000e-01,
-1.12484444888697200000e+00,
-9.96551596004483510000e-01,
-1.32261854307914130000e-14,
9.96551596004504270000e-01,
1.12484444888695930000e+00,
3.82683432365109710000e-01,
-3.66025403784421060000e-01,
-2.57263974775758570000e-01,
7.07106781186511270000e-01,
1.65937874407567440000e+00,
1.73205080756888650000e+00,
9.23879532511274640000e-01,
9.99004225046342680000e-02,
1.25419457589355020000e-01,
1.00000000000000200000e+00,
1.85747026515823910000e+00,
1.83195123007352990000e+00,
9.23879532511295950000e-01,
1.76525460915399890000e-14,
-7.26720634932022100000e-02,
7.07106781186581430000e-01,
1.47478683279316520000e+00,
1.36602540378444350000e+00,
3.82683432365123640000e-01,
-6.07206358681884990000e-01,
-7.35499211564394020000e-01,
-3.60132816238444240000e-14,
7.35499211564384580000e-01,
6.07206358681936180000e-01,
-3.82683432365095220000e-01,
-1.36602540378442790000e+00,
-1.47478683279315260000e+00,
-7.07106781186552900000e-01,
7.26720634931914410000e-02,
-3.33066907387546960000e-15,
-9.23879532511269310000e-01,
-1.83195123007351630000e+00,
-1.85747026515825150000e+00,
-1.00000000000002750000e+00,
-1.25419457589368230000e-01,
-9.99004225045957430000e-02,
-9.23879532511250430000e-01,
-1.73205080756885080000e+00,
-1.65937874407568890000e+00,
-7.07106781186600750000e-01,
2.57263974775709170000e-01,
3.66025403784430940000e-01,
-3.82683432365087170000e-01,
-1.12484444888694980000e+00,
-9.96551596004520260000e-01,
-1.54305496692566510000e-14,
9.96551596004467630000e-01,
1.12484444888698180000e+00,
3.82683432365111430000e-01,
-3.66025403784420280000e-01,
-2.57263974775725710000e-01,
7.07106781186509050000e-01,
1.65937874407570600000e+00,
1.73205080756888740000e+00,
9.23879532511276520000e-01,
9.99004225046616900000e-02,
1.25419457589383440000e-01,
9.99999999999943160000e-01,
1.85747026515826570000e+00,
1.83195123007353100000e+00,
9.23879532511238440000e-01,
1.86517468137026300000e-14,
-7.26720634932271900000e-02,
7.07106781186579660000e-01,
1.47478683279314150000e+00,
1.36602540378441000000e+00,
3.82683432365125860000e-01,
-6.07206358681919080000e-01,
-7.35499211564416110000e-01,
1.20102043605562990000e-14,
7.35499211564362380000e-01,
6.07206358681902090000e-01,
-3.82683432365093060000e-01,
-1.36602540378442680000e+00,
-1.47478683279315350000e+00,
-7.07106781186554680000e-01,
7.26720634932147560000e-02,
-2.22044604925031310000e-15,
-9.23879532511267200000e-01,
-1.83195123007345460000e+00,
-1.85747026515825240000e+00,
-1.00000000000008620000e+00,
-1.25419457589369230000e-01,
-9.99004225046213890000e-02,
-9.23879532511302610000e-01,
-1.73205080756887480000e+00,
-1.65937874407569020000e+00,
-7.07106781186541130000e-01,
2.57263974775708060000e-01,
3.66025403784454030000e-01,
-3.82683432365085450000e-01,
-1.12484444888694890000e+00,
-9.96551596004485950000e-01,
-1.76349139077218870000e-14,
9.96551596004537240000e-01,
1.12484444888696090000e+00,
3.82683432365113210000e-01,
-3.66025403784419500000e-01,
-2.57263974775726820000e-01,
7.07106781186507050000e-01,
1.65937874407563930000e+00,
1.73205080756888830000e+00,
9.23879532511332480000e-01,
9.99004225046360440000e-02,
1.25419457589353020000e-01,
1.00000000000005480000e+00,
1.85747026515823730000e+00,
1.83195123007350170000e+00,
9.23879532511359680000e-01,
-1.22124532708767220000e-14,
-7.26720634932279670000e-02,
7.07106781186577880000e-01,
1.47478683279314080000e+00,
1.36602540378441130000e+00,
3.82683432365128030000e-01,
-6.07206358681882660000e-01,
-7.35499211564374140000e-01,
-3.94422926614570140000e-14,
7.35499211564404340000e-01,
6.07206358681938510000e-01,
-3.82683432365090890000e-01,
-1.36602540378439090000e+00,
-1.47478683279315410000e+00,
-7.07106781186608190000e-01,
7.26720634932138680000e-02,
-1.11022302462515650000e-15,
-9.23879532511265200000e-01,
-1.83195123007351410000e+00,
-1.85747026515825330000e+00,
-9.99999999999974460000e-01,
-1.25419457589370230000e-01,
-9.99004225046203900000e-02,
-9.23879532511192480000e-01,
-1.73205080756887390000e+00,
-1.65937874407572390000e+00,
-7.07106781186543240000e-01,
2.57263974775706950000e-01,
3.66025403784432550000e-01,
-3.82683432365083730000e-01,
-1.12484444888694820000e+00,
-9.96551596004487170000e-01,
-1.98392781461871220000e-14,
9.96551596004465190000e-01,
1.12484444888696180000e+00,
3.82683432365114930000e-01,
-3.66025403784440930000e-01,
-2.57263974775727930000e-01,
7.07106781186628620000e-01,
1.65937874407567110000e+00,
1.73205080756888920000e+00,
9.23879532511334370000e-01,
9.99004225046369320000e-02,
1.25419457589352130000e-01,
9.99999999999939270000e-01,
1.85747026515823620000e+00,
1.83195123007353300000e+00,
9.23879532511302060000e-01,
2.08721928629529430000e-14,
-7.26720634931806720000e-02,
7.07106781186524370000e-01,
1.47478683279316280000e+00,
1.36602540378448150000e+00,
3.82683432365066800000e-01,
-6.07206358681881440000e-01,
-7.35499211564374920000e-01,
-4.11567981802633060000e-14,
7.35499211564360820000e-01,
6.07206358681939730000e-01,
-3.82683432365025280000e-01,
-1.36602540378445880000e+00,
-1.47478683279317790000e+00,
-7.07106781186506490000e-01,
7.26720634931889990000e-02,
0.00000000000000000000e+00,
-9.23879532511203580000e-01,
-1.83195123007351320000e+00,
-1.85747026515828170000e+00,
-9.99999999999976460000e-01,
-1.25419457589400540000e-01,
-9.99004225046460360000e-02,
-9.23879532511298950000e-01,
-1.73205080756887300000e+00,
-1.65937874407565960000e+00,
-7.07106781186545350000e-01,
2.57263974775705730000e-01,
3.66025403784477900000e-01,
-3.82683432365081950000e-01,
-1.12484444888692580000e+00,
-9.96551596004488390000e-01,
-8.59924886030613690000e-14,
9.96551596004499500000e-01,
1.12484444888696240000e+00,
3.82683432365116650000e-01,
-3.66025403784440150000e-01,
-2.57263974775729150000e-01,
7.07106781186502720000e-01,
1.65937874407566980000e+00,
1.73205080756889010000e+00,
9.23879532511336250000e-01,
9.99004225046379310000e-02,
1.25419457589380450000e-01,
9.99999999999937270000e-01,
1.85747026515823530000e+00,
1.83195123007350390000e+00,
9.23879532511363790000e-01,
2.19824158875781000000e-14,
-7.26720634932055410000e-02,
7.07106781186470750000e-01,
1.47478683279313930000e+00,
1.36602540378444810000e+00,
3.82683432365195810000e-01,
-6.07206358681950720000e-01,
-7.35499211564396900000e-01,
6.86668780413741450000e-15,
7.35499211564360160000e-01,
6.07206358681870340000e-01,
-3.82683432365086510000e-01,
-1.36602540378445790000e+00,
-1.47478683279317860000e+00,
-7.07106781186560120000e-01,
7.26720634931640190000e-02,
3.30846461338296650000e-14,
-9.23879532511261090000e-01,
-1.83195123007345150000e+00,
-1.85747026515822780000e+00,
-1.00000000000003530000e+00,
-1.25419457589372230000e-01,
-9.99004225045920790000e-02,
-9.23879532511351130000e-01,
-1.73205080756887230000e+00,
-1.65937874407566090000e+00,
-7.07106781186609410000e-01,
2.57263974775704510000e-01,
3.66025403784433990000e-01,
-3.82683432365130530000e-01,
-1.12484444888694690000e+00,
-9.96551596004489610000e-01,
3.97008395952914200000e-14,
9.96551596004462750000e-01,
1.12484444888696310000e+00,
3.82683432365168610000e-01,
-3.66025403784417110000e-01,
-2.57263974775798430000e-01,
7.07106781186562560000e-01,
1.65937874407563600000e+00,
1.73205080756889100000e+00,
9.23879532511283960000e-01,
9.99004225046122850000e-02,
1.25419457589350030000e-01,
9.99999999999992120000e-01,
1.85747026515826170000e+00,
1.83195123007353500000e+00,
9.23879532511306280000e-01,
-8.77076189453873670000e-15,
-7.26720634932304100000e-02,
7.07106781186520710000e-01,
1.47478683279316130000e+00,
1.36602540378448410000e+00,
3.82683432365134580000e-01,
-6.07206358681914300000e-01,
-7.35499211564419110000e-01,
-4.45858092178758910000e-14,
7.35499211564380810000e-01,
6.07206358681906980000e-01,
-3.82683432365147740000e-01,
-1.36602540378442190000e+00,
-1.47478683279315660000e+00,
-7.07106781186613630000e-01,
7.26720634932354060000e-02,
2.22044604925031310000e-15,
-9.23879532511318600000e-01,
-1.83195123007348080000e+00,
-1.85747026515825620000e+00,
-1.00000000000009410000e+00,
-1.25419457589402650000e-01,
-9.99004225046177250000e-02,
-9.23879532511186930000e-01,
-1.73205080756889630000e+00,
-1.65937874407569460000e+00,
-7.07106781186549680000e-01,
2.57263974775669310000e-01,
3.66025403784412510000e-01,
-3.82683432365078510000e-01,
-1.12484444888696760000e+00,
-9.96551596004526360000e-01,
-2.64523708615828270000e-14,
9.96551596004496940000e-01,
1.12484444888694220000e+00,
3.82683432365120090000e-01,
-3.66025403784438600000e-01,
-2.57263974775697510000e-01,
7.07106781186498500000e-01,
1.65937874407566750000e+00,
1.73205080756891670000e+00,
9.23879532511339920000e-01,
9.99004225046928870000e-02,
1.25419457589378340000e-01,
9.99999999999933390000e-01,
1.85747026515823330000e+00,
1.83195123007350590000e+00,
9.23879532511248660000e-01,
2.43138842392909280000e-14,
-7.26720634932072060000e-02,
7.07106781186570780000e-01,
1.47478683279313770000e+00,
1.36602540378445060000e+00,
3.82683432365073350000e-01,
-6.07206358681877670000e-01,
-7.35499211564398460000e-01,
3.43767676652482600000e-15,
7.35499211564358710000e-01,
6.07206358681943390000e-01,
-3.82683432365082180000e-01,
-1.36602540378438620000e+00,
-1.47478683279318010000e+00,
-7.07106781186563670000e-01,
7.26720634932105370000e-02,
3.53050921830799780000e-14,
-9.23879532511256980000e-01,
-1.83195123007351010000e+00,
-1.85747026515828440000e+00,
-9.99999999999925500000e-01,
-1.25419457589374340000e-01,
-9.99004225046433710000e-02,
-9.23879532511239220000e-01,
-1.73205080756887050000e+00,
-1.65937874407572860000e+00,
-7.07106781186613630000e-01,
2.57263974775702180000e-01,
3.66025403784480120000e-01,
-3.82683432365127030000e-01,
-1.12484444888694530000e+00,
-9.96551596004492170000e-01,
-9.26055813184570790000e-14,
9.96551596004531250000e-01,
1.12484444888696470000e+00,
3.82683432365071570000e-01,
-3.66025403784415670000e-01,
-2.57263974775732710000e-01,
7.07106781186558120000e-01,
1.65937874407569910000e+00,
1.73205080756889270000e+00,
9.23879532511287740000e-01,
9.99004225046140610000e-02,
1.25419457589347920000e-01,
9.99999999999988230000e-01,
1.85747026515820490000e+00,
1.83195123007353720000e+00,
9.23879532511429510000e-01,
-6.55031584528842360000e-15,
-7.26720634932321860000e-02,
7.07106781186517150000e-01,
1.47478683279315970000e+00,
1.36602540378441730000e+00,
3.82683432365138960000e-01,
-6.07206358681911750000e-01,
-7.35499211564377810000e-01,
-4.80148202554884810000e-14,
7.35499211564379360000e-01,
6.07206358681909420000e-01,
-3.82683432365016510000e-01,
-1.36602540378435040000e+00,
-1.47478683279315810000e+00,
-7.07106781186617180000e-01,
7.26720634931856680000e-02,
6.83897383169096430000e-14,
-9.23879532511314490000e-01,
-1.83195123007347860000e+00,
-1.85747026515825820000e+00,
-1.00000000000009790000e+00,
-1.25419457589346030000e-01,
-9.99004225046158380000e-02,
-9.23879532511291400000e-01,
-1.73205080756889450000e+00,
-1.65937874407563160000e+00,
-7.07106781186553900000e-01,
2.57263974775666870000e-01,
3.66025403784458580000e-01,
-3.82683432365075020000e-01,
-1.12484444888692290000e+00,
-9.96551596004528690000e-01,
-3.08610993385133020000e-14,
9.96551596004423560000e-01,
1.12484444888698690000e+00,
3.82683432365023000000e-01,
-3.66025403784392580000e-01,
-2.57263974775767900000e-01,
7.07106781186494280000e-01,
1.65937874407573080000e+00,
1.73205080756891850000e+00,
9.23879532511343580000e-01,
9.99004225046414840000e-02,
1.25419457589434960000e-01,
9.99999999999929500000e-01,
1.85747026515823150000e+00,
1.83195123007344750000e+00,
9.23879532511372000000e-01,
2.64233079860787260000e-14,
-7.26720634932570550000e-02,
7.07106781186567110000e-01,
1.47478683279313620000e+00,
1.36602540378452210000e+00,
3.82683432365204580000e-01,
-6.07206358681945830000e-01,
-7.35499211564442760000e-01,
-9.94673172775017920000e-14,
7.35499211564399900000e-01,
6.07206358681875340000e-01,
-3.82683432364950950000e-01,
-1.36602540378438380000e+00,
-1.47478683279313620000e+00,
-7.07106781186463530000e-01,
7.26720634931606880000e-02,
3.75255382323302910000e-14,
-9.23879532511372000000e-01,
-1.83195123007344750000e+00,
-1.85747026515828660000e+00,
-9.99999999999929390000e-01,
-1.25419457589376340000e-01,
-9.99004225045883040000e-02,
-9.23879532511127200000e-01,
-1.73205080756891850000e+00,
-1.65937874407566530000e+00,
-7.07106781186617960000e-01,
2.57263974775768010000e-01,
3.66025403784437150000e-01,
-3.82683432365123590000e-01,
-1.12484444888690070000e+00,
-9.96551596004494500000e-01,
3.08833826414304830000e-14,
9.96551596004528690000e-01,
1.12484444888700930000e+00,
3.82683432365075070000e-01,
-3.66025403784458580000e-01,
-2.57263974775803090000e-01,
7.07106781186554010000e-01,
1.65937874407569690000e+00,
1.73205080756889450000e+00,
9.23879532511399650000e-01,
9.99004225046158380000e-02,
1.25419457589404650000e-01,
9.99999999999984350000e-01,
1.85747026515820310000e+00,
1.83195123007347860000e+00,
9.23879532511314490000e-01,
-4.44089209850062620000e-15,
-7.26720634931856680000e-02,
7.07106781186513600000e-01,
1.47478683279315790000e+00,
1.36602540378455780000e+00,
3.82683432365143350000e-01,
-6.07206358681909420000e-01,
-7.35499211564379360000e-01,
-1.50919814299515110000e-13,
7.35499211564377810000e-01,
6.07206358681911750000e-01,
-3.82683432365139020000e-01,
-1.36602540378441730000e+00,
-1.47478683279315970000e+00,
-7.07106781186517150000e-01,
7.26720634931840030000e-02,
6.55031584528842360000e-15,
-9.23879532511310390000e-01,
-1.83195123007347680000e+00,
-1.85747026515826000000e+00,
-9.99999999999988230000e-01,
-1.25419457589406650000e-01,
-9.99004225046140610000e-02,
-9.23879532511287740000e-01,
-1.73205080756884300000e+00,
-1.65937874407569910000e+00,
-7.07106781186558120000e-01,
2.57263974775664650000e-01,
3.66025403784460130000e-01,
-3.82683432365071570000e-01,
-1.12484444888696470000e+00,
-9.96551596004531250000e-01,
-3.52698278154437730000e-14,
9.96551596004492170000e-01,
1.12484444888690230000e+00,
3.82683432365127030000e-01,
-3.66025403784435540000e-01,
-2.57263974775770230000e-01,
7.07106781186489950000e-01,
1.65937874407566310000e+00,
1.73205080756892030000e+00,
9.23879532511347470000e-01,
9.99004225046433710000e-02,
1.25419457589315610000e-01,
9.99999999999925500000e-01,
1.85747026515828440000e+00,
1.83195123007357050000e+00,
9.23879532511376110000e-01,
2.86437540353290390000e-14,
-7.26720634931623530000e-02,
7.07106781186459980000e-01,
1.47478683279313440000e+00,
1.36602540378445520000e+00,
3.82683432364955280000e-01,
-6.07206358681872890000e-01,
-7.35499211564401350000e-01,
9.60556376977136630000e-14,
7.35499211564355710000e-01,
6.07206358681948280000e-01,
-3.82683432364946560000e-01,
-1.36602540378445060000e+00,
-1.47478683279318320000e+00,
-7.07106781186674360000e-01,
7.26720634931590230000e-02,
-2.43138842392909280000e-14,
-9.23879532511248660000e-01,
-1.83195123007344530000e+00,
-1.85747026515823330000e+00,
-9.99999999999933390000e-01,
-1.25419457589437070000e-01,
-9.99004225045866390000e-02,
-9.23879532511339920000e-01,
-1.73205080756891670000e+00,
-1.65937874407573300000e+00,
-7.07106781186622180000e-01,
2.57263974775765570000e-01,
3.66025403784483230000e-01,
-3.82683432365019560000e-01,
-1.12484444888698530000e+00,
-9.96551596004496940000e-01,
-1.01423038272318020000e-13,
9.96551596004384480000e-01,
1.12484444888692450000e+00,
3.82683432365078460000e-01,
-3.66025403784412510000e-01,
-2.57263974775805540000e-01,
7.07106781186549680000e-01,
1.65937874407569460000e+00,
1.73205080756894600000e+00,
9.23879532511295070000e-01,
9.99004225046177250000e-02,
1.25419457589285300000e-01,
9.99999999999866770000e-01,
1.85747026515825620000e+00,
1.83195123007348080000e+00,
9.23879532511437730000e-01,
-2.22044604925031310000e-15,
-7.26720634931872220000e-02,
7.07106781186509940000e-01,
1.47478683279311080000e+00,
1.36602540378442190000e+00,
3.82683432365020890000e-01,
-6.07206358681906980000e-01,
-7.35499211564423440000e-01,
4.46031406757003640000e-14,
7.35499211564376370000e-01,
6.07206358681914300000e-01,
-3.82683432365134580000e-01,
-1.36602540378441480000e+00,
-1.47478683279316100000e+00,
-7.07106781186727980000e-01,
7.26720634931822260000e-02,
8.77076189453873670000e-15,
-9.23879532511306280000e-01,
-1.83195123007341420000e+00,
-1.85747026515826170000e+00,
-9.99999999999992120000e-01,
-1.25419457589350030000e-01,
-9.99004225046122850000e-02,
-9.23879532511283960000e-01,
-1.73205080756889100000e+00,
-1.65937874407570150000e+00,
-7.07106781186562450000e-01,
2.57263974775730380000e-01,
3.66025403784461690000e-01,
-3.82683432365068130000e-01,
-1.12484444888696310000e+00,
-9.96551596004533690000e-01,
-3.96785562923742450000e-14,
9.96551596004489610000e-01,
1.12484444888698980000e+00,
3.82683432365130530000e-01,
-3.66025403784434100000e-01,
-2.57263974775772670000e-01,
7.07106781186485620000e-01,
1.65937874407566090000e+00,
1.73205080756887210000e+00,
9.23879532511351130000e-01,
9.99004225046451480000e-02,
1.25419457589372230000e-01,
1.00000000000014900000e+00,
1.85747026515822780000e+00,
1.83195123007351210000e+00,
9.23879532511380220000e-01,
3.08642000845793520000e-14,
-7.26720634932122020000e-02,
7.07106781186456420000e-01,
1.47478683279313310000e+00,
1.36602540378445790000e+00,
3.82683432365213290000e-01,
-6.07206358681870340000e-01,
-7.35499211564360160000e-01,
-1.06325339352726970000e-13,
7.35499211564354270000e-01,
6.07206358681950720000e-01,
-3.82683432365195860000e-01,
-1.36602540378437910000e+00,
-1.47478683279318480000e+00,
-7.07106781186574330000e-01,
7.26720634932538360000e-02,
4.18554080283684020000e-14,
-9.23879532511244660000e-01,
-1.83195123007356430000e+00,
-1.85747026515829020000e+00,
-1.00000000000005080000e+00,
-1.25419457589439070000e-01,
-9.99004225046379310000e-02,
-9.23879532511228010000e-01,
-1.73205080756881550000e+00,
-1.65937874407573550000e+00,
-7.07106781186502720000e-01,
2.57263974775695070000e-01,
3.66025403784484670000e-01,
-3.82683432365116700000e-01,
-1.12484444888698400000e+00,
-9.96551596004570330000e-01,
-1.05831766749248490000e-13,
9.96551596004523810000e-01,
1.12484444888701220000e+00,
3.82683432365182540000e-01,
-3.66025403784411060000e-01,
-2.57263974775671640000e-01,
7.07106781186421670000e-01,
1.65937874407562690000e+00,
1.73205080756884810000e+00,
9.23879532511298950000e-01,
9.99004225046726810000e-02,
1.25419457589283190000e-01,
1.00000000000009020000e+00,
1.85747026515825420000e+00,
1.83195123007354340000e+00,
9.23879532511441840000e-01,
-1.11022302462515650000e-16,
-7.26720634931889990000e-02,
7.07106781186402800000e-01,
1.47478683279315480000e+00,
1.36602540378442420000e+00,
3.82683432365278910000e-01,
-6.07206358681833920000e-01,
-7.35499211564382250000e-01,
4.11741296380877800000e-14,
7.35499211564332180000e-01,
6.07206358681987360000e-01,
-3.82683432365130190000e-01,
-1.36602540378448150000e+00,
-1.47478683279320830000e+00,
-7.07106781186524260000e-01,
7.26720634932288560000e-02,
1.11022302462515650000e-14,
-9.23879532511183150000e-01,
-1.83195123007353300000e+00,
-1.85747026515826370000e+00,
-9.99999999999996110000e-01,
-1.25419457589469370000e-01,
-9.99004225046103980000e-02,
-9.23879532511280190000e-01,
-1.73205080756878970000e+00,
-1.65937874407570370000e+00,
-7.07106781186566780000e-01,
2.57263974775728040000e-01,
3.66025403784507760000e-01,
-3.82683432365064640000e-01,
-1.12484444888696180000e+00,
-9.96551596004465190000e-01,
-1.71984977206122740000e-13,
9.96551596004487280000e-01,
1.12484444888694820000e+00,
3.82683432365133970000e-01,
-3.66025403784432490000e-01,
-2.57263974775706840000e-01,
7.07106781186481400000e-01,
1.65937874407565870000e+00,
1.73205080756887390000e+00,
9.23879532511354800000e-01,
9.99004225046470350000e-02,
1.25419457589370230000e-01,
9.99999999999917730000e-01,
1.85747026515822580000e+00,
1.83195123007351410000e+00,
9.23879532511384220000e-01,
3.29736238313671490000e-14,
-7.26720634932138680000e-02,
7.07106781186452760000e-01,
1.47478683279313130000e+00,
1.36602540378446010000e+00,
3.82683432365090840000e-01,
-6.07206358681938620000e-01,
-7.35499211564447200000e-01,
-1.09754350390339560000e-13,
7.35499211564352830000e-01,
6.07206358681953160000e-01,
-3.82683432365064640000e-01,
-1.36602540378444590000e+00,
-1.47478683279314080000e+00,
-7.07106781186681470000e-01,
7.26720634931556920000e-02,
4.41868763800812300000e-14,
-9.23879532511478810000e-01,
-1.83195123007350170000e+00,
-1.85747026515823730000e+00,
-1.00000000000016850000e+00,
-1.25419457589323710000e-01,
-9.99004225045828640000e-02,
-9.23879532511224230000e-01,
-1.73205080756886340000e+00,
-1.65937874407567200000e+00,
-7.07106781186754410000e-01,
2.57263974775624680000e-01,
3.66025403784397190000e-01,
-3.82683432365012620000e-01,
-1.12484444888693940000e+00,
-9.96551596004501830000e-01,
1.76571972106390680000e-14,
9.96551596004379590000e-01,
1.12484444888701370000e+00,
3.82683432365185980000e-01,
-3.66025403784498550000e-01,
-2.57263974775742030000e-01,
7.07106781186541130000e-01,
1.65937874407569020000e+00,
1.73205080756884990000e+00,
9.23879532511410860000e-01,
9.99004225046745690000e-02,
1.25419457589457380000e-01,
9.99999999999972580000e-01,
1.85747026515825240000e+00,
1.83195123007360610000e+00,
9.23879532511207690000e-01,
6.61692922676593300000e-14,
-7.26720634932388480000e-02,
7.07106781186502940000e-01,
1.47478683279315350000e+00,
1.36602540378456490000e+00,
3.82683432365283290000e-01,
-6.07206358681972700000e-01,
-7.35499211564341060000e-01,
-6.17308644059388370000e-14,
7.35499211564373370000e-01,
6.07206358681919080000e-01,
-3.82683432365125860000e-01,
-1.36602540378434090000e+00,
-1.47478683279311880000e+00,
-7.07106781186424230000e-01,
7.26720634931790070000e-02,
1.32116539930393630000e-14,
-9.23879532511298060000e-01,
-1.83195123007353100000e+00,
-1.85747026515832080000e+00,
-1.00000000000011370000e+00,
-1.25419457589412750000e-01,
-9.99004225046086210000e-02,
-9.23879532511060030000e-01,
-1.73205080756888740000e+00,
-1.65937874407564050000e+00,
-7.07106781186447210000e-01,
2.57263974775657540000e-01,
3.66025403784464800000e-01,
-3.82683432365061190000e-01,
-1.12484444888696000000e+00,
-9.96551596004609410000e-01,
7.94016791905828390000e-14,
9.96551596004555670000e-01,
1.12484444888699290000e+00,
3.82683432365137470000e-01,
-3.66025403784430940000e-01,
-2.57263974775709170000e-01,
7.07106781186353510000e-01,
1.65937874407572170000e+00,
1.73205080756892540000e+00,
9.23879532511358680000e-01,
9.99004225047551710000e-02,
1.25419457589368230000e-01,
1.00000000000002750000e+00,
1.85747026515827880000e+00,
1.83195123007357670000e+00,
9.23879532511388430000e-01,
3.53050921830799780000e-14,
-7.26720634933119000000e-02,
7.07106781186552900000e-01,
1.47478683279317520000e+00,
1.36602540378439330000e+00,
3.82683432365222010000e-01,
-6.07206358681865570000e-01,
-7.35499211564405790000e-01,
-1.37073784215381170000e-14,
7.35499211564394020000e-01,
6.07206358681884990000e-01,
-3.82683432364933460000e-01,
-1.36602540378437440000e+00,
-1.47478683279318810000e+00,
-7.07106781186581430000e-01,
7.26720634932022100000e-02,
-1.76525460915399890000e-14,
-9.23879532511117320000e-01,
-1.83195123007343910000e+00,
-1.85747026515829420000e+00,
-1.00000000000005880000e+00,
-1.25419457589384440000e-01,
-9.99004225046342680000e-02,
-9.23879532511328700000e-01,
-1.73205080756881210000e+00,
-1.65937874407573990000e+00,
-7.07106781186634950000e-01,
2.57263974775826630000e-01,
3.66025403784443260000e-01,
-3.82683432365109710000e-01,
-1.12484444888689470000e+00,
-9.96551596004433330000e-01,
-1.14649223703109440000e-13,
9.96551596004448090000e-01,
1.12484444888697200000e+00,
3.82683432365088890000e-01,
-3.66025403784452470000e-01,
-2.57263974775812530000e-01,
7.07106781186660590000e-01,
1.65937874407562250000e+00,
1.73205080756890140000e+00,
9.23879532511306280000e-01,
9.99004225046232760000e-02,
1.25419457589279190000e-01,
9.99999999999855000000e-01,
1.85747026515819560000e+00,
1.83195123007342660000e+00,
9.23879532511330810000e-01,
4.44089209850062620000e-15,
-7.26720634931922180000e-02,
7.07106781186602860000e-01,
1.47478683279310640000e+00,
1.36602540378449830000e+00,
3.82683432364907150000e-01,
-6.07206358681899650000e-01,
-7.35499211564385140000e-01,
-1.64635858449965470000e-13,
7.35499211564414670000e-01,
6.07206358681992130000e-01,
-3.82683432364994640000e-01,
-1.36602540378440770000e+00,
-1.47478683279316590000e+00,
-7.07106781186738750000e-01,
7.26720634931291580000e-02,
-4.85167461761193410000e-14,
-9.23879532511413080000e-01,
-1.83195123007346840000e+00,
-1.85747026515826750000e+00,
-1.00000000000000400000e+00,
-1.25419457589356130000e-01,
-9.99004225045535540000e-02,
-9.23879532511381110000e-01,
-1.73205080756893560000e+00,
-1.65937874407570840000e+00,
-7.07106781186575220000e-01,
2.57263974775723270000e-01,
3.66025403784421720000e-01,
-3.82683432364957170000e-01,
-1.12484444888691560000e+00,
-9.96551596004541020000e-01,
-5.29047417231656530000e-14,
9.96551596004340400000e-01,
1.12484444888695110000e+00,
3.82683432365040320000e-01,
-3.66025403784474010000e-01,
-2.57263974775779670000e-01,
7.07106781186472850000e-01,
1.65937874407565400000e+00,
1.73205080756887720000e+00,
9.23879532511470590000e-01,
9.99004225045976300000e-02,
1.25419457589424850000e-01,
9.99999999999909850000e-01,
1.85747026515822200000e+00,
1.83195123007351830000e+00,
9.23879532511273420000e-01,
1.01474384450739310000e-13,
-7.26720634931690150000e-02,
7.07106781186445770000e-01,
1.47478683279312820000e+00,
1.36602540378460310000e+00,
3.82683432365099610000e-01,
-6.07206358681933620000e-01,
-7.35499211564364600000e-01,
-1.16612372465564750000e-13,
7.35499211564349830000e-01,
6.07206358681958050000e-01,
-3.82683432364802290000e-01,
-1.36602540378444100000e+00,
-1.47478683279314390000e+00,
-7.07106781186481400000e-01,
7.26720634931524720000e-02,
4.85167461761193410000e-14,
-9.23879532511232340000e-01,
-1.83195123007349770000e+00,
-1.85747026515824090000e+00,
-9.99999999999949040000e-01,
-1.25419457589445170000e-01,
-9.99004225045792000000e-02,
-9.23879532511216790000e-01,
-1.73205080756886010000e+00,
-1.65937874407567640000e+00,
-7.07106781186515490000e-01,
2.57263974775619910000e-01,
3.66025403784489330000e-01,
-3.82683432365005740000e-01,
-1.12484444888693650000e+00,
-9.96551596004506710000e-01,
8.83974025677812430000e-15,
9.96551596004516480000e-01,
1.12484444888701660000e+00,
3.82683432365192920000e-01,
-3.66025403784406400000e-01,
-2.57263974775746810000e-01,
7.07106781186532700000e-01,
1.65937874407568580000e+00,
1.73205080756895270000e+00,
9.23879532511201920000e-01,
9.99004225046781210000e-02,
1.25419457589335810000e-01,
9.99999999999964690000e-01,
1.85747026515824840000e+00,
1.83195123007348930000e+00,
9.23879532511454160000e-01,
7.06101843661599560000e-14,
-7.26720634932421780000e-02,
7.07106781186495730000e-01,
1.47478683279315040000e+00,
1.36602540378443150000e+00,
3.82683432365292010000e-01,
-6.07206358681826600000e-01,
-7.35499211564429430000e-01,
1.30363079531664020000e-13,
7.35499211564370480000e-01,
6.07206358681923850000e-01,
-3.82683432365117150000e-01,
-1.36602540378447430000e+00,
-1.47478683279321300000e+00,
-7.07106781186638610000e-01,
7.26720634932720430000e-02,
1.76525460915399890000e-14,
-9.23879532511289960000e-01,
-1.83195123007340580000e+00,
-1.85747026515821450000e+00,
-1.00000000000012150000e+00,
-1.25419457589416750000e-01,
-9.99004225046048470000e-02,
-9.23879532511268970000e-01,
-1.73205080756878480000e+00,
-1.65937874407577590000e+00,
-7.07106781186455870000e-01,
2.57263974775789110000e-01,
3.66025403784467800000e-01,
-3.82683432365054200000e-01,
-1.12484444888695710000e+00,
-9.96551596004472410000e-01,
-1.85211162636914160000e-13,
9.96551596004550790000e-01,
1.12484444888690960000e+00,
3.82683432365144350000e-01,
-3.66025403784427880000e-01,
-2.57263974775713830000e-01,
7.07106781186592310000e-01,
1.65937874407558630000e+00,
1.73205080756892870000e+00,
9.23879532511366010000e-01,
9.99004225046524750000e-02,
1.25419457589246770000e-01,
1.00000000000001950000e+00,
1.85747026515827510000e+00,
1.83195123007345990000e+00,
9.23879532511396540000e-01,
3.96349619791180880000e-14,
-7.26720634932188640000e-02,
7.07106781186545800000e-01,
1.47478683279308110000e+00,
1.36602540378439800000e+00,
3.82683432364977150000e-01,
-6.07206358681860790000e-01,
-7.35499211564408780000e-01,
-2.05654004967632970000e-14,
7.35499211564391130000e-01,
6.07206358682030990000e-01,
-3.82683432365178320000e-01,
-1.36602540378436950000e+00,
-1.47478683279319120000e+00,
-7.07106781186795930000e-01,
7.26720634931988800000e-02,
-1.33226762955018780000e-14,
-9.23879532511347360000e-01,
-1.83195123007343490000e+00,
-1.85747026515829770000e+00,
-1.00000000000006660000e+00,
-1.25419457589505790000e-01,
-9.99004225046306040000e-02,
-9.23879532511321270000e-01,
-1.73205080756890830000e+00,
-1.65937874407574440000e+00,
-7.07106781186643500000e-01,
2.57263974775685740000e-01,
3.66025403784446370000e-01,
-3.82683432365102770000e-01,
-1.12484444888697800000e+00,
-9.96551596004580100000e-01,
-1.23466680656970370000e-13,
9.96551596004443210000e-01,
1.12484444888697510000e+00,
3.82683432365095830000e-01,
-3.66025403784449370000e-01,
-2.57263974775680970000e-01,
7.07106781186404580000e-01,
1.65937874407561780000e+00,
1.73205080756900420000e+00,
9.23879532511313830000e-01,
9.99004225046268290000e-02,
1.25419457589392550000e-01,
9.99999999999847120000e-01,
1.85747026515819160000e+00,
1.83195123007355190000e+00,
9.23879532511100890000e-01,
1.36668454331356770000e-13,
-7.26720634931955490000e-02,
7.07106781186595760000e-01,
1.47478683279310310000e+00,
1.36602540378450300000e+00,
3.82683432364915920000e-01,
-6.07206358681894760000e-01,
-7.35499211564388130000e-01,
-1.71493880525190640000e-13,
7.35499211564326180000e-01,
6.07206358681855800000e-01,
-3.82683432364732290000e-01,
-1.36602540378440280000e+00,
-1.47478683279316900000e+00,
-7.07106781186538580000e-01,
7.26720634931258270000e-02,
-4.41868763800812300000e-14,
-9.23879532511166610000e-01,
-1.83195123007358520000e+00,
-1.85747026515838120000e+00,
-1.00000000000001180000e+00,
-1.25419457589360130000e-01,
-9.99004225045498910000e-02,
-9.23879532511157060000e-01,
-1.73205080756883280000e+00,
-1.65937874407584380000e+00,
-7.07106781186583770000e-01,
2.57263974775718610000e-01,
3.66025403784513870000e-01,
-3.82683432365151340000e-01,
-1.12484444888691250000e+00,
-9.96551596004404020000e-01,
-6.17221986770266030000e-14,
9.96551596004335630000e-01,
1.12484444888704040000e+00,
3.82683432365047320000e-01,
-3.66025403784381810000e-01,
-2.57263974775648110000e-01,
7.07106781186711890000e-01,
1.65937874407564960000e+00,
1.73205080756898020000e+00,
9.23879532511478030000e-01,
9.99004225047075420000e-02,
1.25419457589420860000e-01,
9.99999999999901970000e-01,
1.85747026515821820000e+00,
1.83195123007340150000e+00,
9.23879532511519890000e-01,
1.05804254246777420000e-13,
-7.26720634931722340000e-02,
7.07106781186438550000e-01,
1.47478683279312510000e+00,
1.36602540378446970000e+00,
3.82683432365108320000e-01,
-6.07206358682069960000e-01,
-7.35499211564538460000e-01,
-1.23470394540789920000e-13,
7.35499211564346830000e-01,
6.07206358681962930000e-01,
-3.82683432365047150000e-01,
-1.36602540378457470000e+00,
-1.47478683279314700000e+00,
-7.07106781186695790000e-01,
7.26720634930526630000e-02,
5.29576382746199670000e-14,
-9.23879532511224120000e-01,
-1.83195123007337250000e+00,
-1.85747026515824490000e+00,
-9.99999999999956810000e-01,
-1.25419457589331820000e-01,
-9.99004225045755370000e-02,
-9.23879532511209240000e-01,
-1.73205080756875730000e+00,
-1.65937874407568130000e+00,
-7.07106781186771500000e-01,
2.57263974775751470000e-01,
3.66025403784403290000e-01,
-3.82683432364998800000e-01,
-1.12484444888684720000e+00,
-9.96551596004511710000e-01,
-2.55773101570718900000e-13,
9.96551596004511710000e-01,
1.12484444888693340000e+00,
3.82683432365199860000e-01,
-3.66025403784492440000e-01,
-2.57263974775887690000e-01,
7.07106781186276570000e-01,
1.65937874407568130000e+00,
1.73205080756895620000e+00,
9.23879532511425740000e-01,
9.99004225045755370000e-02,
1.25419457589331820000e-01,
1.00000000000018430000e+00,
1.85747026515824490000e+00,
1.83195123007361450000e+00,
9.23879532511224010000e-01,
7.49400541621980660000e-14,
-7.26720634932453980000e-02,
7.07106781186695900000e-01,
1.47478683279314730000e+00,
1.36602540378457470000e+00,
3.82683432365047090000e-01,
-6.07206358681821710000e-01,
-7.35499211564432320000e-01,
1.23505057456438850000e-13,
7.35499211564367590000e-01,
6.07206358681928850000e-01,
-3.82683432365362060000e-01,
-1.36602540378433130000e+00,
-1.47478683279321610000e+00,
-7.07106781186853110000e-01,
7.26720634931723450000e-02,
-1.05804254246777420000e-13,
-9.23879532511281630000e-01,
-1.83195123007352260000e+00,
-1.85747026515832810000e+00,
-1.00000000000012950000e+00,
-1.25419457589420860000e-01,
-9.99004225047075420000e-02,
-9.23879532511261650000e-01,
-1.73205080756888070000e+00,
-1.65937874407578030000e+00,
-7.07106781186464310000e-01,
2.57263974775648110000e-01,
3.66025403784559940000e-01,
-3.82683432365047320000e-01,
-1.12484444888695420000e+00,
-9.96551596004619290000e-01,
6.17667652828609650000e-14,
9.96551596004687790000e-01,
1.12484444888691250000e+00,
3.82683432365151290000e-01,
-3.66025403784335790000e-01,
-2.57263974775718610000e-01,
7.07106781186583770000e-01,
1.65937874407558180000e+00,
1.73205080756883280000e+00,
9.23879532511157060000e-01,
9.99004225047626090000e-02,
1.25419457589360130000e-01,
1.00000000000001180000e+00,
1.85747026515816140000e+00,
1.83195123007346420000e+00,
9.23879532511404870000e-01,
4.41868763800812300000e-14,
-7.26720634931258270000e-02,
7.07106781186331300000e-01,
1.47478683279307800000e+00,
1.36602540378440280000e+00,
3.82683432365239500000e-01,
-6.07206358681996900000e-01,
-7.35499211564326180000e-01,
-2.74234225719884740000e-14,
7.35499211564302650000e-01,
6.07206358682035980000e-01,
-3.82683432364915980000e-01,
-1.36602540378450300000e+00,
-1.47478683279319430000e+00,
-7.07106781186595870000e-01,
7.26720634932920270000e-02,
-8.77076189453873670000e-15,
-9.23879532511100890000e-01,
-1.83195123007355190000e+00,
-1.85747026515830170000e+00,
-1.00000000000007440000e+00,
-1.25419457589510010000e-01,
-9.99004225046268290000e-02,
-9.23879532511530320000e-01,
-1.73205080756870580000e+00,
-1.65937874407574880000e+00,
-7.07106781186652040000e-01,
2.57263974775681080000e-01,
3.66025403784449370000e-01,
-3.82683432365297000000e-01,
-1.12484444888697510000e+00,
-9.96551596004443210000e-01,
-3.88079522484467400000e-13,
9.96551596004438210000e-01,
1.12484444888697800000e+00,
3.82683432365303830000e-01,
-3.66025403784446370000e-01,
-2.57263974775685740000e-01,
7.07106781186643610000e-01,
1.65937874407561340000e+00,
1.73205080756890830000e+00,
9.23879532511537760000e-01,
9.99004225046304930000e-02,
1.25419457589271090000e-01,
1.00000000000006660000e+00,
1.85747026515829770000e+00,
1.83195123007355590000e+00,
9.23879532511585610000e-01,
1.32116539930393630000e-14,
-7.26720634932953580000e-02,
7.07106781186588650000e-01,
1.47478683279319120000e+00,
1.36602540378450770000e+00,
3.82683432364924690000e-01,
-6.07206358681889990000e-01,
-7.35499211564476620000e-01,
2.06000634124122430000e-14,
7.35499211564323300000e-01,
6.07206358682001900000e-01,
-3.82683432365230840000e-01,
-1.36602540378439800000e+00,
-1.47478683279308110000e+00,
-7.07106781186545690000e-01,
7.26720634931224960000e-02,
8.81517081552374290000e-14,
-9.23879532511158400000e-01,
-1.83195123007345990000e+00,
-1.85747026515816520000e+00,
-1.00000000000001950000e+00,
-1.25419457589364130000e-01,
-9.99004225045462270000e-02,
-9.23879532511149630000e-01,
-1.73205080756882920000e+00,
-1.65937874407558630000e+00,
-7.07106781186592310000e-01,
2.57263974775713940000e-01,
3.66025403784427940000e-01,
-3.82683432364943290000e-01,
-1.12484444888690960000e+00
