1.300687E-4,
1.301461E-4,
-1.5974454E-6,
-1.8944813E-4,
-3.2364919E-4,
-3.237123E-4,
-1.8644414E-4,
1.0435024E-5,
1.517047E-4,
1.5169316E-4,
5.776205E-6,
-2.04528E-4,
-3.5618496E-4,
-3.5628667E-4,
-1.9822173E-4,
3.0435335E-5,
1.9587208E-4,
1.9588523E-4,
2.2299593E-5,
-2.2970838E-4,
-4.1256665E-4,
-4.1269509E-4,
-2.1982432E-4,
6.0834047E-5,
2.6510858E-4,
2.6522435E-4,
4.9068775E-5,
-2.6587512E-4,
-4.9524867E-4,
-4.9537588E-4,
-2.5195561E-4,
1.0301195E-4,
3.6190707E-4,
3.6204838E-4,
8.700579E-5,
-3.1430171E-4,
-6.0706869E-4,
-6.0711022E-4,
-2.9595982E-4,
1.5810203E-4,
4.8924928E-4,
4.8933971E-4,
1.3733886E-4,
-3.7621019E-4,
-7.5068804E-4,
-7.5073485E-4,
-3.528884E-4,
2.2721915E-4,
6.5004902E-4,
6.5009059E-4,
2.0121578E-4,
-4.5285145E-4,
-9.2924066E-4,
-9.2933702E-4,
-4.2411209E-4,
3.1168798E-4,
8.474868E-4,
8.4752219E-4,
2.8006579E-4,
-5.4573126E-4,
-0.0011466848,
-0.0011466957,
-5.1104011E-4,
4.1350987E-4,
0.0010857163,
0.0010857935,
3.7548822E-4,
-6.5677318E-4,
-0.0014067867,
-0.0014068405,
-6.1534533E-4,
5.3428872E-4,
0.0013690162,
0.0013689034,
4.8911759E-4,
-7.8786862E-4,
-0.0017145264,
-0.0017144661,
-7.388404E-4,
6.7633306E-4,
0.0017026208,
0.0017025747,
6.2328692E-4,
-9.4151585E-4,
-0.0020757265,
-0.0020757442,
-8.841863E-4,
8.4242701E-4,
0.0020933316,
0.0020932599,
7.8038124E-4,
-0.0011210615,
-0.0024978542,
-0.0024977628,
-0.0010539046,
0.0010363916,
0.0025492761,
0.0025491187,
9.6380233E-4,
-0.0013305243,
-0.0029905711,
-0.0029902952,
-0.0012519665,
0.0012626623,
0.0030815708,
0.0030813063,
0.0011777788,
-0.0015752551,
-0.0035660865,
-0.0035657655,
-0.0014833312,
0.0015277602,
0.0037046836,
0.0037043377,
0.0014280317,
-0.0018629417,
-0.0042416867,
-0.0042413088,
-0.0017544288,
0.0018404869,
0.004438889,
0.0044383796,
0.0017222577,
-0.0022039552,
-0.0050415693,
-0.0050409365,
-0.0020745537,
0.0022135691,
0.005312929,
0.0053122593,
0.002071553,
-0.0026135258,
-0.0060002854,
-0.0059995788,
-0.0024570831,
0.0026655075,
0.0063693568,
0.0063685697,
0.0024921387,
-0.0031150243,
-0.0071707661,
-0.0071696846,
-0.0029217241,
0.0032255562,
0.0076739491,
0.00767277,
0.0030084271,
-0.003745204,
-0.0086353906,
-0.0086339997,
-0.0034993947,
0.0039409211,
0.0093326275,
0.0093312254,
0.003659943,
-0.0045658077,
-0.010532984,
-0.010531409,
-0.0042409893,
0.0048940401,
0.011529507,
0.011527916,
0.0045132596,
-0.0056895619,
-0.013112633,
-0.013111066,
-0.0052353246,
0.0062424947,
0.014611342,
0.014609626,
0.0056897881,
-0.0073432712,
-0.016872052,
-0.016870286,
-0.0066529263,
0.0083262598,
0.019317485,
0.019315786,
0.0074357122,
-0.010060142,
-0.022961056,
-0.022959495,
-0.0088614675,
0.012031752,
0.027544068,
0.027542949,
0.01032196,
-0.015435263,
-0.034755637,
-0.034755425,
-0.012783476,
0.020560797,
0.045989482,
0.045990895,
0.015864617,
-0.031055193,
-0.067958203,
-0.06796346,
-0.020446758,
0.058011582,
0.12463063,
0.12464728,
0.013564596,
-0.22215614,
-0.55557116,
0.55489852,
0.22236983,
-0.013790077,
-0.12444788,
-0.12490612,
-0.05833156,
0.020094217,
0.068052902,
0.067654869,
0.030393788,
-0.015554142,
-0.04605805,
-0.046049591,
-0.021117652,
0.012565135,
0.034859581,
0.034320098,
0.014939867,
-0.0099527186,
-0.028033625,
-0.027112308,
-0.012425868,
0.0080888455,
0.022697724,
0.023211015,
0.00993006,
-0.0075368555,
-0.019876237,
-0.019064311,
-0.0086132575,
0.0062654584,
0.016416461,
0.016847932,
0.0073637363,
-0.0055932748,
-0.014879502,
-0.015278695,
-0.0060237916,
0.0045528599,
0.013290478,
0.012858289,
0.0054758023,
-0.0042210357,
-0.012046658,
-0.0119932,
-0.0048834297,
0.0038295092,
0.010579168,
0.010605068,
0.0042181441,
-0.0040129291,
-0.0097415301,
-0.008980525,
-0.00418965,
0.0030926767,
0.0081273152,
0.0090062132,
0.0033352569,
-0.0032530772,
-0.0073078735,
-0.0085168302,
-0.0031622022,
0.0024894661,
0.0070866631,
0.0070111734,
0.0033692761,
-0.0030935926,
-0.0064827219,
-0.006459052,
-0.0032218604,
0.0022696846,
0.0061697771,
0.0061271033,
0.0018914377,
-0.0022422438,
-0.005329689,
-0.0056322092,
-0.0024590119,
0.0022570826,
0.0046999459,
0.0045950637,
0.0021207067,
-0.0018244439,
-0.0045020301,
-0.0044348845,
-0.002657025,
0.0018498425,
0.0038985003,
0.0043371043,
0.0019752471,
-0.0021509921,
-0.0039295208,
-0.0034562402,
-0.0021899772,
0.0015954016,
0.0035135497,
0.0029007917,
0.0016704672,
-0.0011111451,
-0.0033876557,
-0.0037019929,
-0.0013139962,
0.0017158592,
0.002129013,
0.0029393736,
0.0011831891,
-0.0011838147,
-0.0023456418,
-0.0031846122,
-0.0011550202,
0.0010060739,
0.0020437749,
0.0024750228,
0.0010569625,
-8.9009502E-4,
-0.0026702708,
-0.0017879431,
-0.001398499,
7.878147E-4,
0.0015392659,
0.0024001654,
7.9700122E-4,
-7.8402496E-4,
-0.0022896722,
-0.0017987781,
-7.0029153E-4,
3.4312181E-4,
0.0018000086,
0.0013543807,
8.2018878E-4,
-9.7498753E-4,
-0.0014964908,
-0.0011250234,
-0.0012158786,
3.5287052E-4,
0.0015757031,
6.8859028E-4,
0.0012501944,
-6.7518878E-4,
-0.0013964724,
-0.0018396732,
-2.7428222E-4,
2.3810319E-4,
0.0013556363,
9.6622195E-4,
4.1817132E-4,
-8.0230401E-4,
-0.0013390761,
-8.9224206E-4,
5.7892227E-5,
-1.4490472E-4,
0.0011601223,
1.902778E-4,
5.1994989E-4,
-6.1556752E-4,
-6.2046307E-4,
-0.0010120681,
-6.969487E-5,
1.5881714E-4,
1.9044607E-4,
6.7635975E-4,
3.1204232E-4,
-2.1947447E-4,
-0.0014846297,
6.8665832E-4,
-0.0012000997,
5.7578936E-4,
-4.1961894E-4,
9.2183609E-4,
2.0668093E-4,
-1.8538943E-4,
-4.6145818E-4,
-9.1188795E-4,
-2.2727823E-4,
1.081063E-4,
3.2817844E-4,
3.0025263E-4,
3.9094805E-5,
1.3157575E-4,
-5.5282684E-4,
-0.0010107036,
7.3836952E-5,
-6.9852932E-5,
5.8947672E-4,
1.7500735E-4,
3.6560698E-6,
-7.0233879E-4,
-3.6187837E-5,
-9.9827917E-5,
-4.4635261E-4,
-2.7907785E-4,
7.2568661E-4,
-1.4959256E-4,
-2.5855547E-4,
4.8124141E-4,
-9.0614446E-4,
4.6219958E-5,
-2.0382341E-4,
-4.2702542E-4,
1.4835684E-4,
5.7151783E-4,
-2.1364784E-5,
-2.2096681E-4,
-3.5423202E-4,
-7.8959431E-4,
2.2696402E-4,
-2.1589471E-4,
2.0828445E-4,
-7.006464E-4,
-2.93617E-4,
1.1586427E-4,
9.7151616E-5,
-7.8625156E-4,
1.0691785E-4,
-3.136714E-4,
1.4296226E-4,
-7.3310659E-4,
1.3824756E-4,
1.1682664E-4,
-3.4668927E-4,
-3.6118744E-4,
-7.9967295E-4,
5.4350569E-4,
1.3950774E-4,
-7.0196252E-4,
2.1173751E-4,
-6.5077409E-4,
-2.0509589E-4,
-2.0871238E-4,
2.2769583E-4,
-2.1003127E-4,
-2.0094137E-4,
-6.3072483E-4,
2.563294E-4,
-6.2951193E-4,
2.3636798E-4,
-2.2303213E-4,
-2.3666858E-4,
-2.3695455E-4,
-2.2248963E-4,
-1.9961607E-4,
-1.8036832E-4,
-1.7708439E-4,
2.4381711E-4,
-6.7657585E-4,
-2.8534711E-4,
1.0689404E-4,
-3.7051866E-4,
4.3316552E-5,
-4.1803689E-4,
-3.684268E-6,
-3.8717375E-5,
-5.1837354E-4,
-1.0829501E-4,
-5.5000959E-4,
3.7101452E-4,
1.6370323E-5,
-7.4943577E-4,
2.4901891E-4,
-5.4476319E-4,
-7.1794361E-5,
-5.4581279E-4,
2.4734195E-4,
1.3061141E-4,
-4.2227764E-4,
-5.0273619E-4,
-9.4205908E-5,
-7.7357451E-5,
-4.662361E-4,
4.7685141E-4,
-7.9203115E-4,
1.1432496E-4,
-3.3371291E-4,
6.9382733E-5,
-4.2402414E-4,
-4.7684053E-4,
3.672806E-4,
-5.2015515E-4,
-5.4780518E-5,
-1.4636585E-6,
-3.7253871E-4,
-3.0389033E-4,
-2.5053276E-4,
2.1769963E-4,
-6.6284757E-4,
1.9636099E-4,
-2.7857209E-4,
-3.1696876E-4,
8.7878856E-5,
-3.8161813E-4,
-4.0551693E-4,
1.6197024E-5,
5.1192533E-6,
-4.3415073E-4,
2.303433E-5,
-3.8229566E-4,
1.0484601E-4,
-7.2894406E-4,
1.8416944E-4,
-2.5154421E-4,
1.607062E-4,
-7.7385405E-4,
4.3833732E-5,
-1.1591472E-5,
-4.8536291E-4,
3.8589834E-4,
-9.2764483E-4,
-3.7384931E-5,
3.9924256E-4,
-9.4311506E-4,
3.4559396E-4,
-1.2153447E-4,
-5.642735E-4,
-8.9921749E-5,
-4.5866134E-4,
5.14879E-4,
-7.1436779E-4,
2.3261862E-4,
-6.2420894E-4,
-2.0182557E-4,
1.8986569E-4,
-3.0585914E-4,
-3.4651208E-4,
-3.5724945E-4,
5.4384685E-4,
-7.3517366E-4,
-2.4946738E-4,
-2.2164997E-4,
2.1619736E-4,
-2.5858043E-4,
-3.1709185E-4,
-3.8233952E-4,
5.466322E-6,
-4.5830821E-4,
4.3330907E-4,
-4.0471592E-4,
-3.4659894E-4,
-2.9173546E-4,
-2.5815323E-4,
1.8398809E-4,
-2.8499863E-4,
-3.3384687E-4,
5.4562127E-5,
-4.2419453E-4,
-1.3348676E-7,
-4.3374242E-4,
2.7029321E-5,
-3.8996319E-4,
6.6814121E-5,
-3.6512378E-4,
7.9648867E-5,
-3.500871E-4,
-3.271311E-4,
-2.906571E-4,
1.9266949E-4,
-2.0882789E-4,
-6.2681372E-4,
2.5616062E-4,
-2.0084318E-4,
-2.2836417E-4,
-2.5580647E-4,
-7.1700912E-4,
5.9334567E-4,
-2.9136237E-4,
-2.9411091E-4,
-2.9680325E-4,
-2.9756155E-4,
1.4842761E-4,
-2.7618457E-4,
-2.5373197E-4,
-2.3332713E-4,
-2.2598931E-4,
-2.4042951E-4,
1.6476937E-4,
-3.1944519E-4,
8.5608674E-5,
-8.0475516E-4,
-3.4187372E-4,
5.8129098E-4,
-6.9829403E-4,
1.969216E-4,
-2.7284065E-4,
-3.4509295E-4,
7.5705025E-7,
-5.2409726E-4,
-1.3040558E-4,
-1.250247E-4,
-7.7208841E-5,
-1.3853818E-5,
3.1784299E-5,
-8.4557572E-4,
-6.2156745E-6,
-5.1460934E-4,
3.0444427E-4,
-1.5498829E-4,
-1.1214186E-4,
-4.4972689E-4,
1.277703E-4,
-6.1764344E-4,
-7.8910377E-5,
-4.8316024E-4,
3.7200992E-4,
-1.3945524E-4,
-2.2660618E-4,
-2.9861536E-4,
-7.7423664E-4,
5.5695044E-4,
-2.7765411E-4,
-6.5907274E-4,
2.7007858E-4,
-1.5422158E-4,
-1.8026364E-4,
-6.8276057E-4,
5.6089571E-4,
-8.279249E-4,
1.7741444E-5,
-4.1501498E-4,
5.1009321E-4,
-7.4702806E-4,
1.9299097E-4,
-6.530263E-4,
-2.0664342E-4,
6.5834933E-4,
-0.0011201828,
-2.4159555E-4,
6.5707505E-4,
-6.3424188E-4,
-1.7296051E-4,
-1.8427279E-4,
-2.3729607E-4,
-3.2340229E-4,
2.2898437E-5,
-4.5556236E-5,
-5.0320548E-4,
-2.2700507E-5,
6.1054405E-5,
-7.2285015E-4,
2.3664497E-4,
-6.0588769E-4,
2.7112416E-4,
-2.0176352E-4,
-6.8261601E-4,
1.7051408E-4,
1.6266104E-4,
-7.088933E-4,
-2.4914565E-4,
2.1196725E-4,
-6.4645124E-4,
2.6288725E-4,
-1.4127644E-4,
-5.4370759E-4,
-7.6151523E-5,
-8.1119984E-5,
-5.7281723E-4,
2.1209652E-4,
8.8103061E-5,
-4.7203215E-4,
-5.5530055E-4,
-1.4055414E-4,
3.3204995E-4,
-4.7766456E-4,
3.9267009E-5,
-3.4586954E-4,
-3.2681372E-4,
-3.3922689E-4,
7.5767359E-5,
5.9328513E-5,
-3.7484213E-4,
-3.4695033E-4,
1.3058134E-4,
-7.2083582E-4,
1.6917771E-4,
-2.8611882E-4,
1.2137219E-4,
-3.568479E-4,
-3.9067117E-4,
2.3994261E-5,
-4.3684001E-4,
-1.9328959E-5,
-4.8991802E-5,
-8.4641328E-5,
-5.5857527E-4,
-1.3921297E-4,
-1.352689E-4,
-1.0088974E-4,
-3.8237703E-5,
-3.9812804E-4,
-3.1798201E-4,
1.819296E-4,
-2.3631364E-4,
-7.0338818E-4,
1.0594882E-4,
4.9101203E-6,
-9.7628405E-5,
-1.7049026E-4,
-6.2906271E-4,
-1.454226E-4,
-5.4035772E-5,
5.1844849E-5,
-3.0844995E-4,
-2.8746538E-4,
-3.3645197E-4,
4.4019043E-4,
-5.6131432E-4,
-6.5795816E-4,
1.828615E-4,
-2.293916E-4,
2.9147834E-4,
-4.8537393E-4,
-3.9159918E-4,
1.1142917E-4,
-7.4298835E-4,
1.3622164E-4,
1.1671121E-4,
-3.529887E-4,
-3.9189353E-4,
-3.6044738E-6,
-6.7533849E-5,
-5.7514038E-4,
2.4975349E-4,
-6.5718085E-4,
2.3024825E-4,
-6.1720107E-4,
2.996368E-4,
-1.2147863E-4,
-5.7051208E-4,
-1.5708331E-4,
-1.7420814E-4,
-1.5239732E-4,
-7.7608311E-5,
-4.0398206E-4,
1.4841435E-4,
-2.3198005E-4,
-2.6200291E-4,
-3.8533832E-4,
-1.2568959E-4,
-3.0163555E-4,
2.7586225E-5,
1.4262661E-5,
-3.5256594E-4,
1.9833136E-4,
-0.0010370974,
-1.4229252E-4,
2.3078735E-4,
1.1670452E-4,
-4.2600015E-4,
-4.6112072E-4,
3.710867E-5,
-2.6658202E-4,
-1.0066638E-4,
-4.0504672E-4,
9.624589E-5,
-3.6856129E-4,
-1.7128422E-5,
-1.2642639E-4,
-6.5244605E-4,
1.9280016E-4,
-2.2584657E-4,
-1.6223679E-4,
-7.9503959E-5,
-4.3989805E-4,
-3.7924452E-4,
9.1994124E-5,
8.6836815E-5,
-3.9785031E-4,
-3.8397258E-5,
-5.8082836E-4,
-2.3938784E-4,
1.3614659E-4,
-3.1033852E-4,
1.8469027E-4,
-6.015873E-4,
-7.2167805E-5,
-3.4053664E-5,
-5.1621111E-4,
-1.9441336E-4,
8.9033999E-5,
-4.8962172E-4,
3.1986841E-4,
-1.0279891E-4,
-8.9598122E-4,
9.2256963E-5,
-2.7237254E-4,
-2.6315078E-4,
5.6317171E-4,
-8.3554968E-4,
-7.1129507E-6,
-4.3215342E-4,
9.6022078E-5,
-2.1314971E-4,
-5.3121475E-4,
4.1431686E-4,
-4.7708898E-4,
-5.490784E-4,
2.4099494E-4,
-2.6049683E-4,
1.7382135E-4,
-6.617086E-4,
-1.5911156E-4,
-5.5974411E-4,
3.1011525E-4,
2.5241372E-4,
-7.0358088E-4,
-3.1642577E-4,
1.2463403E-4,
-2.5559187E-4,
-5.9969667E-4,
-6.6052244E-5,
4.3139633E-4,
-4.4053751E-4,
-4.688285E-4,
-6.493549E-5,
-8.2378024E-5,
-7.1384424E-5,
-9.2769551E-4,
4.0230773E-4,
-7.2329756E-5,
-1.5848011E-4,
-2.7735754E-4,
-3.9059704E-4,
-1.6779341E-5,
-4.532913E-4,
5.3879177E-5,
-2.8966282E-4,
-2.0874951E-4,
2.6029402E-4,
-2.1233884E-4,
-7.273884E-4,
7.4167835E-5,
-8.4874203E-4,
4.8389721E-4,
1.0377961E-4,
-2.6020921E-4,
-2.0797879E-4,
-6.4984557E-4,
-2.7287516E-4,
6.0793361E-5,
-5.4889014E-5,
-1.4463341E-4,
-1.8597361E-4,
-1.7645333E-4,
-1.3066231E-4,
-5.1128005E-4,
-4.5862209E-4,
4.5761988E-4,
-4.0096248E-4,
5.576616E-5,
-3.6175382E-4,
-3.2869992E-4,
-2.8789181E-4,
1.9097341E-4,
-2.2490309E-4,
-6.6553582E-4,
1.8534589E-4,
-3.085099E-4,
6.4876113E-5,
2.1472405E-6,
-4.7911817E-4,
-9.2529562E-4,
8.6960703E-4,
-8.2178052E-4,
1.4329164E-4,
-2.2105419E-4,
2.605685E-4,
-6.2739765E-4,
-6.8333052E-4,
1.1243151E-4,
3.0822167E-5,
-1.5475972E-5,
-4.4580942E-4,
6.0394102E-5,
-2.776205E-4,
-6.1356872E-4,
-1.0067269E-4,
3.6042164E-4,
-5.4973782E-4,
-1.710306E-4,
-2.3456252E-4,
1.6508459E-4,
-2.815578E-4,
-7.0146352E-4,
2.0564949E-4,
-6.6183194E-4,
6.4548367E-4,
-2.6876295E-4,
-7.455618E-4,
1.1856719E-4,
-2.9996743E-4,
-2.4011353E-4,
-1.5879246E-4,
-8.5089494E-5,
-4.9511902E-5,
-7.1628894E-5,
-5.930155E-4,
-2.754069E-4,
3.3336166E-5,
-7.0832575E-5,
-5.58935E-4,
3.4333863E-4,
-8.9400833E-6,
-7.5699138E-4,
-6.1190664E-4,
3.9294164E-4,
3.1074155E-5,
-3.8990045E-4,
1.3339618E-5,
-5.0184731E-4,
-1.5049184E-4,
-2.2836929E-4,
-2.8033209E-4,
1.3491225E-4,
-3.1459739E-4,
1.1277534E-4,
-3.5971744E-4,
-4.1804105E-4,
-4.9404547E-4,
-1.2761143E-4,
7.0535618E-4,
-1.7789757E-4,
-0.0010141552,
-5.5908905E-5,
-4.081018E-4,
5.4348366E-4,
-2.9957892E-4,
-7.4016945E-4,
1.1270149E-4,
7.7955982E-5,
-3.8576644E-4,
-3.876418E-4,
7.1815572E-5,
-3.36591E-4,
-3.0501345E-4,
1.5727007E-4,
-2.7259933E-4,
-2.7099207E-4,
-2.7151975E-4,
1.7161187E-4,
-6.9993309E-4,
1.9293946E-4,
-6.7372822E-4,
2.1731802E-4,
2.2392651E-4,
-6.5418653E-4,
-2.1668586E-4,
-2.2398845E-4,
-2.3502016E-4,
-2.4761097E-4,
1.8377655E-4,
-2.5437993E-4,
2.0362912E-4,
-0.0010825853,
2.8412132E-4,
-5.5240648E-4,
-8.4149793E-5,
3.6152861E-4,
-9.2455E-5,
-9.927073E-4,
3.2332844E-4,
-5.3290201E-4,
-3.8275785E-5,
3.2038081E-5,
-3.4904359E-4,
-3.2976486E-4,
7.4337432E-5,
-1.1708111E-5,
-5.622717E-4,
-2.2136843E-4,
-2.7818034E-4,
1.5948179E-4,
-2.4014943E-4,
-1.864634E-4,
-1.5310117E-4,
-1.6062638E-4,
-6.4780881E-4,
1.6905547E-4,
-3.1663753E-4,
1.2284155E-4,
-2.6496744E-4,
-1.7651928E-4,
-5.2544266E-4,
-2.7767164E-5,
-2.6554895E-5,
-5.2157111E-4,
2.6981989E-4,
-2.586439E-4,
-3.1474857E-4,
-3.2152882E-4,
-2.8100934E-4,
2.290666E-4,
-5.7551834E-4,
3.6442294E-4,
-4.8246386E-4,
-4.7698388E-4,
-5.3362521E-5,
-8.4158085E-5,
-1.2319766E-4,
-1.6560324E-4,
-2.0616647E-4,
-2.3670134E-4,
-2.4777338E-4,
-2.3118577E-4,
-1.8394359E-4,
-1.1206487E-4,
-2.9696403E-5,
4.4672208E-5,
-7.8648411E-4,
1.118396E-4,
-7.8262531E-4,
5.0535294E-4,
2.6082229E-5,
-4.4843522E-4,
-4.741547E-4,
-5.4814217E-5,
-7.8896084E-5,
-5.5395381E-4,
2.7863285E-4,
2.2436485E-4,
-0.0011453606,
1.4767089E-4,
-2.8827725E-4,
1.9226996E-4,
-1.7756867E-4,
-5.3297305E-4,
-1.4698683E-5,
-4.0308325E-4,
4.8552662E-5,
-4.2243819E-4,
3.9374704E-4,
-5.6499187E-4,
-1.9710135E-4,
-6.867264E-4,
6.1212464E-4,
-2.6684996E-4,
-6.9816071E-4,
1.8194307E-4,
-2.7631545E-4,
1.2878346E-4,
-7.9042311E-4,
6.3745655E-5,
6.5079613E-5,
-3.4317125E-4,
-2.9051961E-4,
-2.3554235E-4,
-1.9786866E-4,
2.5126931E-4,
-2.0751981E-4,
-6.8135438E-4,
-2.7220053E-4,
1.5425087E-4,
-2.767068E-4,
1.8956818E-4,
-6.5869318E-4,
2.4717592E-4,
-6.1871787E-4,
-1.7348676E-4,
-1.6970637E-4,
-1.6008746E-4,
2.9755619E-4,
-5.6212781E-4,
-1.0859499E-4,
-5.510445E-4,
-1.336975E-4,
7.0648504E-4,
-0.0011031189,
-2.6795973E-4,
1.3757161E-4,
1.2036623E-4,
-3.1743345E-4,
-2.9559568E-4,
-2.5614911E-4,
-6.4348108E-4,
2.9397302E-4,
-9.7256114E-5,
-7.161018E-5,
-7.9923514E-5,
-5.6347942E-4,
-1.9018457E-4,
-6.976574E-4,
5.7958075E-4,
-3.0209691E-4,
1.7809747E-4,
-6.3710477E-4,
-1.3465497E-4,
-5.3981579E-4,
-1.0275108E-4,
3.0509352E-4,
-1.7369695E-4,
-6.3487313E-4,
2.5435986E-4,
-5.9328268E-4,
-1.1895746E-4,
-1.0796622E-4,
-1.337275E-4,
-1.8862219E-4,
-2.4641401E-4,
1.6540626E-4,
-6.9237677E-4,
-1.8160136E-4,
-8.8177772E-5,
-9.8209374E-6,
2.2945247E-5,
-4.3831895E-4,
-4.9503793E-4,
-1.1290614E-4,
2.993515E-4,
-5.672256E-4,
-8.8741047E-5,
-6.1439285E-5,
-5.2145972E-4,
2.7579905E-4,
-7.3468601E-4,
4.4913346E-4,
-9.6412448E-4,
3.4034924E-4,
-3.4972169E-5,
-3.5870482E-4,
-2.3759037E-4,
-5.9481936E-4,
3.0907402E-4,
-1.5808081E-4,
-2.0679586E-4,
-2.4380277E-4,
-6.8775453E-4,
6.6324658E-4,
-6.0636377E-4,
-1.159046E-4,
-5.1940325E-4,
3.8213633E-4,
-4.8458573E-4,
-4.7200999E-4,
4.1844936E-4,
-4.6402024E-4,
-5.160896E-5,
-5.4848781E-4,
-1.8289614E-4,
1.9054619E-4,
-2.79296E-4,
-2.5499507E-4,
-1.8189881E-4,
-8.6468212E-5,
-4.4533519E-4,
3.3033181E-5,
-4.1799097E-4,
-1.9526419E-5,
-5.9934468E-5,
-7.1140933E-5,
-4.866735E-4,
-4.4534333E-4,
4.5849763E-4,
-8.8758179E-4,
3.5151601E-4,
-2.0556258E-4,
-3.1273113E-4,
7.6667371E-5,
-7.7141091E-4,
-2.2451361E-4,
3.5740079E-4,
3.9973773E-5,
-7.8268693E-4,
7.5184566E-5,
-4.5537939E-4,
-1.3576816E-4,
1.9492721E-4,
-3.157533E-4,
-3.4088511E-4,
-3.3201364E-4,
1.3265106E-4,
-2.8112968E-4,
-2.5772574E-4,
-2.3501718E-4,
2.3004706E-4,
-6.2511107E-4,
-1.6815507E-4,
-1.6725913E-4,
-1.833815E-4,
2.3242932E-4,
-6.6504493E-4,
2.1735377E-4,
-6.400591E-4,
-1.7039006E-4,
-1.561599E-4,
2.646204E-4,
-2.3062521E-4,
-7.4426474E-4,
7.4004087E-5,
5.1653296E-5,
-3.6244843E-4,
-3.0388144E-4,
-2.4749665E-4,
-2.2955954E-4,
6.1242445E-4,
-7.907963E-4,
-2.253787E-6,
-9.3802427E-4,
3.9244878E-4,
2.9180997E-5,
-2.9767476E-4,
-1.9307302E-4,
-5.7608834E-4,
2.9911156E-4,
-1.9264895E-4,
-2.571047E-4,
-7.4050735E-4,
1.3401491E-4,
1.6032355E-4,
-2.4250341E-4,
-2.1468919E-4,
-2.0177218E-4,
-6.3133673E-4,
2.7759381E-4,
-5.4199977E-4,
-1.6768553E-5,
6.4480801E-5,
-3.3448493E-4,
8.2098022E-5,
-4.4164222E-4,
-5.5093047E-4,
-1.9591293E-4,
2.2354703E-4,
-1.6346777E-4,
-6.5968061E-5,
-4.186786E-4,
4.5718054E-5,
-4.5731475E-4,
-5.900934E-4,
1.4029101E-4,
3.6489278E-5,
2.1062906E-5,
-3.4454609E-4,
-2.202855E-4,
-5.4807398E-4,
-6.2022814E-5,
-1.0424056E-4,
-2.1571393E-4,
9.3292486E-5,
-2.5961028E-6,
-9.0695844E-4,
2.3929397E-5,
1.2320433E-4,
-2.113981E-4,
-5.7783866E-4,
-1.1606057E-4,
2.9525437E-4,
-6.479538E-4,
1.5464912E-4,
-3.6118919E-4,
-4.255249E-4,
4.0760829E-4,
-9.3661227E-4,
3.8886777E-4,
-4.5207504E-4,
-3.819987E-4,
5.8632159E-4,
-6.4832481E-4,
-1.4670095E-4,
-5.6261633E-4,
-1.3622495E-4,
2.6426428E-4,
-2.2400497E-4,
-2.6513563E-4,
-2.9139554E-4,
-3.0156176E-4,
1.4287862E-4,
-2.7803293E-4,
-6.8069237E-4,
2.5657947E-4,
-1.1212934E-4,
-4.33397E-5,
-4.4153973E-4,
-4.4821088E-4,
3.6908968E-4,
-6.1531823E-4,
-2.8672715E-4,
7.465095E-5,
5.6023873E-5,
-3.4131773E-4,
-2.6357137E-4,
-1.922545E-4,
-6.0246434E-4,
2.5516941E-4,
-2.3970541E-4,
1.5353622E-4,
-2.8642159E-4,
-6.6379833E-4,
-1.165263E-4,
-9.3003591E-6,
-3.9255953E-4,
4.6299033E-4,
-5.1964087E-4,
-2.2330067E-4,
-3.5705249E-4,
-4.3938298E-4,
-1.7107709E-5,
4.5051142E-4,
-3.948134E-4,
-3.8776556E-4,
-4.2180877E-4,
-4.2333338E-5,
-9.6483805E-5,
-5.5164836E-4,
3.6721331E-4,
9.2365479E-6,
-7.744068E-4,
1.8384348E-4,
-6.5632249E-4,
2.248924E-4,
-6.7809201E-4,
1.738654E-4,
1.5137552E-4,
-3.0678098E-4,
-3.2849196E-4,
-3.5885407E-4,
-3.9228465E-4,
2.854314E-5,
4.3520906E-5,
-3.3728381E-4,
1.9846349E-4,
-5.7557334E-4,
-5.0713968E-5,
-4.5106663E-4,
-4.6068018E-4,
3.7607187E-4,
-1.1612915E-4,
-1.5775986E-4,
-6.2605358E-4,
2.2586149E-4,
-2.6061365E-4,
-7.728372E-4,
4.6315432E-4,
-4.8054871E-4,
-4.6112628E-5,
2.6979794E-5,
-2.7126728E-4,
-5.4194953E-4,
3.9146477E-5,
-3.3530253E-4,
7.8300456E-5,
-4.5900262E-4,
-1.3974958E-4,
2.0705274E-4,
-2.6748214E-4,
-6.8409568E-4,
2.4931914E-4,
-5.8540415E-4,
-1.3360356E-4,
2.8271047E-4,
-1.9577252E-4,
-6.6064175E-4,
2.2724285E-4,
-6.1465673E-4,
-1.2633041E-4,
3.4670245E-4,
-5.2992486E-4,
-5.4971215E-4,
3.098506E-4,
-1.2617263E-4,
-5.2755678E-4,
-2.6909708E-5,
2.4796649E-5,
-8.4550955E-4,
4.3201717E-4,
-5.3150266E-4,
2.6371794E-4,
-6.6002511E-4,
2.4141248E-4,
-5.6191758E-4,
-2.9192927E-5,
-4.1128036E-4,
1.7856929E-5,
-5.967952E-5,
-1.6358197E-4,
-2.3339742E-4,
-6.5816681E-4,
3.3643466E-4,
-3.6248799E-4,
-1.8224464E-4,
-7.5682455E-5,
-8.8630508E-5,
-6.6081014E-4,
1.8983427E-5,
2.5982267E-4,
-7.5144655E-4,
9.8001911E-5,
-2.8284441E-4,
-1.7646417E-4,
-7.5249098E-5,
-4.5639609E-4,
-8.0990924E-6,
-3.1615582E-5,
-4.9643301E-4,
3.8129976E-4,
-9.1437815E-4,
6.2042188E-6,
3.7647624E-5,
-3.9543328E-4,
2.5877595E-5,
-4.6295771E-6,
-4.662072E-4,
-4.6522823E-4,
-2.2631623E-6,
2.7029906E-5,
-3.9764802E-4,
3.0197527E-5,
-7.833874E-6,
-4.9383882E-4,
-5.2372538E-4,
-7.9337185E-5,
4.0001027E-4,
-4.2333765E-4,
-3.7776788E-4,
7.1126575E-5,
-4.0705921E-4,
-4.8258951E-4,
3.0960539E-4,
-2.0365907E-4,
-2.4555243E-4,
-2.5690867E-4,
-2.5456127E-4,
-2.6010659E-4,
1.5303265E-4,
-3.3257249E-4,
-3.7811201E-4,
4.1126996E-5,
-3.7749937E-4,
1.2655308E-4,
-2.2602552E-4,
-5.8554354E-4,
-9.9560667E-5,
-1.0001358E-4,
3.0299829E-4,
-6.2491556E-4,
-2.1387594E-4,
-2.0585562E-4,
-1.6216415E-4,
-1.032198E-4,
-4.9769165E-4,
3.9261076E-4,
-7.7507237E-5,
-0.0010145109,
2.5053817E-4,
-2.230089E-4,
-2.2545058E-4,
-2.0801181E-4,
2.4530267E-4,
-6.4878312E-4,
1.8105382E-4,
-7.737788E-4,
3.5684271E-5,
4.3261225E-7,
1.8574249E-5,
-3.5619697E-4,
-7.132344E-4,
2.2698887E-4,
2.3088363E-4,
-7.1124385E-4,
5.8685658E-5,
-4.9971502E-4,
-1.4226289E-4,
-1.592756E-4,
3.341316E-4,
-4.4328153E-4,
-3.2577284E-4,
-2.2561279E-4,
-5.9967823E-4,
3.1534075E-4,
-1.05217E-4,
-8.4223317E-5,
-5.5009236E-5,
-9.0621035E-4,
-1.1224098E-5,
-2.868539E-5,
-8.1336096E-5,
-1.5698497E-4,
-2.3179797E-4,
-2.8141873E-4,
1.4734023E-4,
-7.1000788E-4,
-2.3195645E-4,
2.3668578E-4,
-2.0184785E-4,
-2.3018696E-4,
-2.7581277E-4,
-3.1779999E-4,
1.0279043E-4,
-3.2540793E-4,
-2.8664621E-4,
-2.3396206E-4,
2.5724568E-4,
-5.8407137E-4,
-1.217516E-4,
-1.1639216E-4,
-1.2805627E-4,
-1.5915258E-4,
-6.5278211E-4,
1.5286705E-4,
6.8000567E-5,
-4.4659386E-4,
-4.6177436E-5,
-4.7222179E-4,
3.8249197E-5,
-2.9214443E-4,
-1.761111E-4,
-8.8908001E-5,
-5.3897407E-5,
-5.1217797E-4,
-1.2345561E-4,
-1.7691485E-4,
2.3406225E-4,
-6.4147524E-4,
-1.7469531E-4,
-1.4941125E-4,
-1.4795753E-4,
-1.7749235E-4,
2.1353357E-4,
-7.1082075E-4,
-2.8809319E-4,
1.6729634E-4,
-2.4104642E-4,
-2.2378758E-4,
-2.5090579E-4,
-3.3258628E-4,
4.2940708E-4,
-5.6386365E-4,
-6.2463489E-4,
2.7775832E-4,
-5.8247739E-5,
-3.4740035E-4,
-2.03392E-4,
-5.5534858E-4,
3.3403757E-4,
-1.633335E-4,
-2.4725693E-4,
-3.096757E-4,
-3.1730934E-4,
-2.6685906E-4,
-1.8437585E-4,
3.2753287E-4,
-8.9635571E-5,
-5.7291247E-4,
-2.319496E-4,
-3.5586235E-4,
-4.6679486E-4,
3.4443631E-4,
3.2926891E-4,
-5.1812977E-4,
-4.5418199E-4,
-3.769363E-4,
1.3918728E-4,
-6.7595892E-4,
2.5070748E-4,
-1.6780726E-4,
2.6403224E-4,
-6.5212427E-4,
-2.6410976E-4,
-3.1034056E-4,
-3.2621927E-4,
1.4388986E-4,
-2.2378814E-4,
3.0559289E-4,
-5.0842262E-4,
-5.0287803E-4,
-1.339636E-4,
-2.6603315E-4,
2.5887554E-5,
-8.0848877E-5,
-1.0035112E-4,
-4.5993401E-4,
-3.0552964E-4,
3.059814E-4,
-4.4866033E-4,
-4.1279926E-4,
-3.2534818E-5,
-1.5596655E-4,
-2.8798848E-4,
6.3990821E-5,
4.8551931E-5,
-7.8099851E-4,
1.8075693E-4,
-6.3178562E-4,
2.6860183E-4,
-6.4581949E-4,
1.6556497E-4,
9.7751263E-5,
-3.771747E-4,
7.4632041E-5,
-0.0011989611,
1.7735395E-4,
2.0909146E-4,
-2.4152108E-4,
-2.916742E-4,
8.0808396E-5,
2.633846E-5,
-8.6990865E-4,
-3.9930993E-4,
1.0757997E-4,
-2.5286401E-4,
6.9465324E-4,
-5.8549764E-4,
-5.7349192E-4,
-1.3725122E-4,
-1.4034719E-4,
-5.7161654E-4,
3.2849598E-4,
-9.2153535E-5,
-9.0314446E-5,
-5.5908523E-4,
-1.7902613E-4,
1.8206379E-4,
-7.7473972E-4,
5.1828545E-5,
-4.0671964E-4,
4.878025E-4,
-3.596911E-4,
-3.2792553E-4,
-3.1163945E-4,
-3.1333134E-4,
1.1755065E-4,
-7.6065674E-4,
5.8902245E-4,
-2.282838E-4,
-5.8214749E-4,
-5.5415467E-5,
4.4153837E-6,
-4.228397E-4,
-4.6218407E-4,
-1.0076837E-4,
2.4662107E-4,
1.6754333E-4,
-7.5861992E-4,
-3.2639205E-4,
-3.0500384E-4,
1.6820962E-4,
-2.441454E-4,
-2.3238459E-4,
2.0253508E-4,
-6.9358138E-4,
1.6725261E-4,
-7.3205725E-4,
1.273064E-4,
9.9934679E-5,
-3.7742688E-4,
-4.2198006E-4,
-2.3757562E-5,
-4.8656386E-5,
-4.3912408E-5,
-8.860645E-4,
4.9827956E-4,
-3.0832312E-4,
-6.863272E-4,
2.2659879E-4,
2.2285597E-4,
-6.9371398E-4,
-3.088936E-4,
7.5150597E-5,
-4.0555949E-4,
1.8998415E-5,
3.0067866E-5,
-3.7859477E-4,
-7.7831729E-4,
5.7837081E-4,
-2.8002302E-4,
-2.8045908E-4,
-3.037576E-4,
-3.4378686E-4,
5.2364672E-5,
2.0681066E-5,
-4.2378137E-4,
4.7008324E-5,
-7.7006999E-4,
1.9067368E-4,
-1.7375796E-4,
-1.2512287E-4,
-1.1805364E-4,
-1.5282645E-4,
-6.5524575E-4,
-2.8210878E-4,
5.4966153E-4,
-3.4598277E-4,
-3.288077E-4,
-2.922702E-4,
-2.5579552E-4,
-2.361742E-4,
2.0055015E-4,
-2.6031838E-4,
-2.8443969E-4,
-2.9703526E-4,
-2.9051269E-4,
1.7229319E-4,
-2.4020508E-4,
-2.2106722E-4,
-6.5741295E-4,
2.1428612E-4,
2.0663478E-4,
-6.64363E-4,
-1.8838439E-4,
-1.2854302E-4,
-6.0878421E-5,
-4.4988755E-4,
2.2202614E-6,
-3.5181339E-5,
-5.5514719E-4,
2.2518851E-4,
-3.0468313E-4,
-3.5897598E-4,
-3.6549314E-4,
1.1086199E-4,
-2.6732901E-4,
2.3866262E-4,
-5.8716691E-4,
-1.0865078E-4,
-5.1887881E-4,
-4.6401854E-5,
-3.9677475E-6,
4.5762242E-5,
-3.5120442E-4,
-3.3305017E-4,
-3.5679798E-4,
1.3679763E-5,
-9.171596E-5,
-2.0553308E-4,
-3.0173652E-4,
7.9241227E-5,
-8.1984305E-4,
5.1423491E-4,
-3.4076504E-4,
-3.0885134E-4,
-2.7185045E-4,
-2.1593592E-4,
-1.3648624E-4,
-5.4462651E-5,
1.363819E-6,
-4.3368161E-4,
-3.5279855E-5,
-5.3672465E-4,
-1.5254268E-4,
-1.9135793E-4,
2.1634335E-4,
-2.4805332E-4,
-2.6168418E-4,
-2.5700408E-4,
-2.3853682E-4,
-2.2569388E-4,
-2.3316345E-4,
-2.6947598E-4,
1.1536927E-4,
7.5619289E-5,
-3.667269E-4,
-3.1161787E-4,
-6.5659089E-4,
3.2870311E-4,
-4.6422766E-4,
-1.5192786E-6,
-6.620466E-5,
2.1029687E-4,
-8.8909667E-4,
-1.7623829E-4,
-2.0232061E-4,
3.8824473E-4,
-6.8501449E-4,
-2.7290751E-5,
-3.8314049E-4,
-3.5575386E-5,
-2.4195998E-4,
4.2249089E-4,
-5.6891682E-4,
-5.1519347E-4,
-3.4114273E-4,
-1.2498437E-4,
2.0067495E-5,
5.2314088E-5,
4.1645632E-4,
-0.0010225091,
-2.1456705E-4,
-2.0187079E-4,
-5.3362859E-4,
4.2400616E-5,
1.2117895E-4,
6.3612571E-5,
3.0678985E-4,
-0.001254111,
-7.5928128E-5,
-4.4796835E-4,
2.5659424E-4,
-7.3320538E-4,
8.1516209E-4,
-5.1310019E-4,
-3.1317449E-4,
2.0637485E-4,
-5.2107213E-4,
-5.828377E-4,
-3.8441426E-4,
-3.7123635E-5,
2.4355442E-4,
2.7453107E-4,
-4.3154112E-4,
2.2491744E-5,
-7.6571365E-4,
-4.0108146E-4,
-6.1000298E-4,
2.1796651E-4,
7.4688463E-5,
5.2067715E-4,
-2.2722562E-4,
-2.5640384E-4,
-6.2972051E-4,
-0.0011439866,
-7.5257475E-6,
-1.61195E-6,
3.6857167E-4,
8.9119963E-4,
-7.0186719E-4,
-2.9729153E-4,
-0.0011183024,
-2.6627284E-4,
-3.1916148E-4,
-1.6837811E-4,
7.2314058E-4,
-1.3576963E-4,
7.3490431E-4,
-8.2079393E-4,
-8.8116446E-4,
-8.6620285E-4,
-2.8473955E-4,
-2.9487884E-4,
8.4016033E-4,
5.2857971E-4,
4.7256803E-4,
-8.0987622E-4,
-6.2298253E-4,
-0.0016406036,
-7.0598522E-4,
1.3158764E-4,
0.0012321214,
0.0012989342,
-1.6500886E-4,
-6.2644565E-4,
-0.0017370263,
-0.0013337811,
-2.4713778E-4,
2.8845271E-4,
0.0010174112,
0.0014787907,
-1.5385277E-4,
-8.4015621E-4,
-0.0016679912,
-0.001245313,
-8.2697218E-4,
8.7510287E-4,
4.9421819E-4,
0.0018745006,
5.5043791E-4,
-0.0012157642,
-0.0022181289,
-9.5729784E-4,
-0.0013138726,
5.8611918E-4,
0.001684428,
0.0012844565,
0.0010577459,
-0.0010392359,
-0.0022658172,
-0.0022995738,
-0.0010603119,
7.8885848E-4,
0.0017486622,
0.0022972978,
9.7963076E-4,
-0.0010477443,
-0.0030363341,
-0.0027116798,
-0.0012403073,
9.9337545E-4,
0.0022189893,
0.0031361141,
0.0014333296,
-0.0023825689,
-0.0028919322,
-0.0033751146,
-0.0015266867,
0.0012016739,
0.0036864378,
0.0029378355,
0.0010157201,
-0.0014546881,
-0.0040940153,
-0.0038054996,
-0.00216069,
0.0018976721,
0.0038792055,
0.0040405571,
0.0017274446,
-0.0022217076,
-0.0048549964,
-0.0049414503,
-0.0022689782,
0.0021512561,
0.0050897894,
0.004674187,
0.0024307252,
-0.0021944815,
-0.0065343817,
-0.0062573495,
-0.0028383029,
0.0027595347,
0.006221792,
0.0068840122,
0.0030234585,
-0.0033355053,
-0.0079154596,
-0.0078596576,
-0.0043524783,
0.0030089654,
0.0089855898,
0.0097328105,
0.0039555058,
-0.0033173098,
-0.010264146,
-0.012736486,
-0.0070963412,
-7.0555949E-5,
0.016914674,
0.020225338,
0.014553605,
-0.0165904,
-0.023717996,
-0.027967433,
-0.0073523357,
0.016273217,
0.057783225,
0.022690458,
-0.0026271128,
-0.067077785,
-0.064162944,
0.0097798267,
0.062770603,
0.075802654,
0.0048648719,
-0.067663085,
-0.066642151,
-0.010602136,
0.065539481,
0.036182921,
0.0024752816,
-0.037392849,
-0.02334126,
0.014557772,
0.01392961,
0.013951458,
-0.010990602,
-0.045533342,
0.0045516781,
0.019336795,
0.069472911,
0.017025268,
-0.081283559,
-0.066474039,
-0.030012012,
0.10499656,
0.11193835,
-0.03032548,
-0.092055312,
-0.10589998,
0.041266912,
0.086834304,
0.050795343,
0.010964832,
-0.077716458,
-0.044562233,
-0.025718662,
0.017595262,
0.10112379,
0.019048402,
0.0063264586,
-0.10588824,
-0.052127653,
0.0057205509,
0.064761703,
0.10988797,
-0.016096294,
-0.061820303,
-0.10278802,
-0.0024007143,
0.070828216,
0.058207264,
0.014555771,
-0.057313049,
-0.012776919,
0.00721488,
-0.012687496,
-0.0075304944,
-0.015085793,
0.043744806,
0.034133229,
0.016666361,
-0.044229265,
-0.071860246,
-0.0057332887,
0.043992556,
0.068295588,
0.0054879949,
-0.046676236,
-0.043403423,
-0.0031048159,
0.032393043,
0.037278673,
0.0028265558,
-0.055824143,
-0.024133272,
0.0060386723,
0.061367365,
0.062632109,
-0.045992709,
-0.07157279,
-0.085070232,
0.056084621,
0.10643072,
0.050430073,
-0.030579556,
-0.09522407,
-0.034200168,
-0.010901335,
0.049417104,
0.050952913,
0.037144287,
8.7849882E-4,
-0.071301786,
-0.055129411,
-0.012640028,
0.04270004,
0.078592434,
-0.0066448431,
0.0037006409,
-0.054133347,
-0.039493076,
0.0020350391,
0.0054254553,
0.076557759,
0.036121946,
-0.048725765,
-0.067091602,
-0.051265221,
0.088824829,
0.067418365,
-0.019088887,
-0.059150355,
-0.036867762,
0.031088546,
0.045951572,
-0.034366088,
0.0022770644,
-0.0079138774,
0.046614259,
0.0052827131,
-0.053043317,
-0.052091849,
-0.011918384,
0.097158094,
0.063978218,
-0.0050595942,
-0.087502803,
-0.078308393,
0.01110744,
0.054093438,
0.066341446,
-0.010484383,
0.0012863139,
0.01221634,
-0.058656775,
-0.085498682,
-0.03610082,
0.11870662,
0.13517223,
0.020075199,
-0.093953251,
-0.18593519,
-0.037278566,
0.11436994,
0.17909497,
0.038733477,
-0.13559722,
-0.12466496,
-0.01993907,
0.094757294,
0.10278197,
9.8979862E-5,
-0.061695345,
-0.088077588,
-0.014746786,
0.058932583,
0.11254914,
0.0076602155,
-0.085221485,
-0.11339648,
0.0042676938,
0.085010542,
0.084489593,
0.035277207,
-0.074137652,
-0.085017306,
-0.05268574,
0.041324073,
0.085395655,
0.063354926,
-0.0029575968,
-0.095444169,
-0.071579887,
0.015199419,
0.076018349,
0.042196414,
-0.034924031,
-0.003617822,
-0.018652778,
-0.0032444642,
-0.021660103,
-0.01908191,
0.062969839,
0.066863421,
-0.026497628,
-0.10485752,
-0.082678381,
0.099534515,
0.13642263,
0.0016864076,
-0.10927742,
-0.084426415,
0.0025536257,
0.10760856,
0.0070478171,
-0.0093823692,
-0.016708292,
0.022484233,
0.012236105,
-0.084326147,
-0.047572535,
0.0079898141,
0.14438142,
0.075348873,
-0.060236007,
-0.12514608,
-0.086156575,
0.07993717,
0.070582343,
0.046268942,
-0.039051834,
-0.022298801,
0.053290417,
-0.035263737,
-0.077185209,
-0.093872129,
0.063394961,
0.1852949,
0.105789,
-0.04818671,
-0.277081,
-0.1323499,
0.061182145,
0.28440363,
0.20549086,
-0.13816385,
-0.23379885,
-0.19130509,
0.10783268,
0.21251078,
0.098896539,
0.015341136,
-0.16682318,
-0.131431,
-0.045130463,
0.08539692,
0.22715682,
0.025574653,
-0.09536138,
-0.16831105,
-0.069111998,
0.076129642,
0.13759317,
0.10761014,
-0.044624313,
-0.16072989,
-0.09157775,
0.033789313,
0.1239732,
0.10337351,
-0.04071273,
-0.12298642,
-0.039143009,
0.055216313,
0.065684254,
-0.039218509,
-0.014589146,
-0.017924966,
0.041514688,
0.038558741,
-0.026782856,
-0.042284033,
-0.052274941,
0.02574048,
0.055715921,
0.038196415,
0.025824717,
-0.067300519,
-0.048234273,
-0.071530287,
0.043545717,
0.13530657,
0.064026912,
-0.049735464,
-0.18556436,
-0.073762177,
0.1149217,
0.20182118,
0.043607655,
-0.18826855,
-0.16388005,
0.016303679,
0.16140164,
0.14277766,
-0.020355699,
-0.13191154,
-0.15086798,
0.0051313939,
0.12402456,
0.11989613,
0.03746716,
-0.059721926,
-0.13736139,
-0.11687897,
0.013096165,
0.21092668,
0.14673058,
-0.011780246,
-0.21013992,
-0.20642236,
0.042393633,
0.19257331,
0.22078908,
-0.035265981,
-0.2305767,
-0.15019791,
0.020696847,
0.22409237,
0.10501516,
-0.072711666,
-0.14254213,
-0.061612039,
0.076543603,
0.077479067,
0.039982515,
-0.038271761,
-0.11932848,
-0.015898045,
0.084656989,
0.12539951,
-0.019735578,
-0.11922142,
-0.10881581,
-0.0045314315,
0.14939837,
0.16468602,
-0.023803741,
-0.19829668,
-0.14475155,
0.044868202,
0.15342895,
0.11955532,
0.044023094,
-0.12609955,
-0.18980606,
-0.05835355,
0.1049319,
0.24052465,
0.043221859,
-0.10184732,
-0.1993405,
-0.093256095,
0.12049091,
0.15697711,
0.1059457,
-0.10179826,
-0.14401034,
-0.075398961,
0.05502985,
0.11997875,
0.044462495,
0.018284526,
-0.085600203,
-0.093667103,
-0.033419352,
0.064698457,
0.1463668,
-0.0035816585,
-0.06881901,
-0.099487715,
-0.0047338936,
0.066209882,
0.051505373,
0.0099499312,
-0.076277268,
-0.0087877135,
0.05363681,
0.033258915,
-0.078731957,
-0.03762925,
0.017183428,
0.060786684,
0.072929262,
-0.02929354,
-0.082749703,
-0.067354272,
-0.003929859,
0.1224275,
0.040508899,
0.024771877,
-0.084161817,
-0.09110934,
-0.0031914736,
0.017964071,
0.12598157,
0.065905112,
-0.055035054,
-0.13669653,
-0.093907221,
0.092576592,
0.12792998,
0.07761529,
-0.06654734,
-0.12449073,
-0.071967664,
0.0077392399,
0.12994093,
0.12175002,
-0.012719311,
-0.12994134,
-0.13588645,
0.018334814,
0.10376124,
0.11088789,
0.037892027,
-0.09766679,
-0.098534273,
-0.067457167,
0.075550647,
0.10532158,
0.055912111,
-0.058173735,
-0.1083648,
-0.0034769514,
0.076300959,
0.014266446,
-0.049702968,
-0.019497938,
0.03919834,
0.071273864,
0.0080010469,
-0.093116877,
-0.096572827,
-0.013809989,
0.13109035,
0.15299728,
-0.013112495,
-0.14330203,
-0.1789117,
0.0051348477,
0.13909629,
0.1613052,
0.081959865,
-0.13162758,
-0.1666217,
-0.16079583,
0.049210172,
0.2724301,
0.19352179,
-0.010724287,
-0.31118964,
-0.22936703,
-3.3516487E-4,
0.25948782,
0.30242718,
-0.010758182,
-0.19742151,
-0.31546606,
-0.045784105,
0.22616377,
0.22125093,
0.092582087,
-0.17423891,
-0.21728283,
-0.059372577,
0.10583495,
0.22916503,
0.018588325,
-0.12320742,
-0.16756514,
-0.0019835458,
0.15552945,
0.10561054,
-0.0094478009,
-0.15396341,
-0.10797346,
0.018800191,
0.13936385,
0.15815071,
-0.021028605,
-0.15931703,
-0.19065989,
0.021444971,
0.19213937,
0.18609914,
-0.046162271,
-0.20713778,
-0.11471515,
0.06141612,
0.15233315,
0.061281444,
-0.057440889,
-0.094191545,
-0.025174557,
0.029436167,
0.050747598,
0.028491158,
0.02538153,
-0.084343631,
-0.060121236,
-0.0072899605,
0.083163231,
0.078101392,
0.045961144,
-0.097909394,
-0.13732239,
-0.083340947,
0.16194546,
0.17490282,
0.032095602,
-0.11271851,
-0.22290638,
-0.021222348,
0.097054756,
0.21069185,
0.094124416,
-0.18606071,
-0.16185964,
-0.069788257,
0.1782912,
0.13389637,
-0.023227079,
-0.068758566,
-0.10822689,
0.050590971,
0.011231135,
-0.020144059,
0.045171389,
0.037978272,
0.063804078,
-0.087209539,
-0.12039625,
-0.038864921,
0.095006276,
0.15759921,
0.012374839,
-0.089883687,
-0.12680554,
-4.023409E-4,
0.045850313,
0.074262958,
-0.020523485,
-0.0015994581,
0.059254594,
0.0061903994,
-0.095075493,
-0.1425065,
0.032558903,
0.14670748,
0.1471934,
0.0081260578,
-0.17189957,
-0.15631652,
-0.049924883,
0.1634983,
0.18048769,
0.041399705,
-0.11225099,
-0.2140629,
-0.0073668224,
0.092112594,
0.16121682,
0.035424241,
-0.13123658,
-0.085149555,
-0.031035458,
0.10054136,
0.091588242,
-0.022140535,
-0.042352513,
-0.10127752,
0.020005202,
0.035826208,
0.054767666,
0.041878265,
-0.025505368,
-0.036068419,
-0.09523823,
-0.013270833,
0.064288148,
0.11666123,
0.037864007,
-0.11158667,
-0.087295348,
0.0024739745,
0.054487735,
0.036708465,
-0.0033093348,
0.039808554,
-0.021930415,
-0.05356287,
-0.036182641,
-0.022194293,
0.088587202,
0.077147724,
-0.016741402,
-0.096113165,
-0.093416425,
0.079280989,
0.087859818,
0.014723668,
-0.047054001,
-0.03109468,
-0.01711775,
-0.0090430666,
-0.014502145,
0.063409732,
0.072508996,
-0.012757119,
-0.076592156,
-0.051146691,
-0.035464899,
0.030058468,
0.074569497,
0.099985532,
0.012455521,
-0.10169999,
-0.12546928,
-0.086703848,
0.12034811,
0.15569276,
0.061702287,
-0.067478287,
-0.099828918,
-0.03242869,
-0.051350098,
-0.026915739,
0.052611311,
0.16409686,
0.18541351,
-0.048379672,
-0.35852171,
-0.29040864,
0.10498814,
0.48038837,
0.33226494,
-0.1934989,
-0.50029123,
-0.25295408,
0.19233021,
0.40189837,
0.17803101,
-0.11019459,
-0.2586836,
-0.17091258,
0.013801736,
0.11861645,
0.22787535,
0.075261081,
-0.10255635,
-0.21066481,
-0.12930781,
0.071686283,
0.19433077,
0.1652225,
-0.059316153,
-0.19663308,
-0.13331501,
0.049406408,
0.14869925,
0.12656889,
-0.054687196,
-0.14808032,
-0.057267165,
0.09159703,
0.10222344,
-0.038854726,
-0.087532411,
-0.052119927,
0.062370246,
0.12914827,
0.027150332,
-0.1020668,
-0.15180888,
-0.040734605,
0.15245888,
0.15825399,
0.042619442,
-0.15917979,
-0.15760353,
-0.054423742,
0.12647469,
0.17852187,
0.063695782,
-0.090396069,
-0.20767505,
-0.087935232,
0.10720893,
0.22052343,
0.077050868,
-0.14203797,
-0.16935401,
-0.090415333,
0.13607592,
0.17712011,
0.052366557,
-0.095475703,
-0.17734249,
-0.042488663,
0.062979948,
0.13587715,
0.097431403,
-0.054310381,
-0.099251335,
-0.1401829,
0.0049944455,
0.12278216,
0.13669405,
0.050306184,
-0.14226584,
-0.16080672,
-0.045737855,
0.14760006,
0.17325324,
-0.015501029,
-0.11839512,
-0.13091195,
0.019661149,
0.10798589,
0.074880832,
-0.02224066,
-0.089438349,
-0.018608311,
0.01238765,
0.04872364,
0.035583053,
-0.042864322,
-0.06311131,
-0.0038010602,
0.1025977,
0.044222292,
-0.071667194,
-0.06847663,
-0.074398227,
0.10207706,
0.092691434,
0.063358395,
-0.074694913,
-0.17843436,
0.0014703592,
0.045832265,
0.14961678,
0.046518966,
-0.054378462,
-0.068125887,
-0.16128639,
0.047663651,
0.10724609,
0.115033,
0.035616532,
-0.13452152,
-0.099333265,
-0.076541849,
0.11053695,
0.13823017,
0.045575989,
-0.048739471,
-0.16901558,
-0.035493359,
0.024913809,
0.13589849,
0.08480742,
-0.041054666,
-0.085906334,
-0.1313075,
0.02109133,
0.1115548,
0.10225182,
-0.0081997959,
-0.082460012,
-0.070072514,
-0.028391781,
0.0057028847,
0.094297528,
0.095363401,
-0.035878603,
-0.078027921,
-0.088432907,
0.021685883,
0.050329653,
0.048379657,
0.02185508,
-0.023760198,
-0.015904987,
-0.0088775736,
-0.07732631,
-0.010674867,
0.06005054,
0.11843555,
0.012319688,
-0.075590323,
-0.13979536,
-0.031482529,
0.12451971,
0.10672446,
0.022884626,
-0.12867137,
-0.062552254,
0.025721347,
0.038444514,
0.020189132,
-0.01450659,
0.051162623,
0.0085322137,
-0.038540096,
-0.12820071,
-0.019026545,
0.13874213,
0.13849621,
0.007891024,
-0.19749881,
-0.14025483,
0.037604162,
0.169205,
0.13595175,
-0.040682446,
-0.11842666,
-0.11420947,
-0.01294513,
0.046421402,
0.11061877,
0.12043348,
-0.015459441,
-0.16038935,
-0.14038305,
-0.0045718513,
0.13632655,
0.15545718,
0.062871456,
-0.12363887,
-0.18429968,
-0.063023394,
0.081366729,
0.16006896,
0.090795993,
-0.028198061,
-0.12653853,
-0.15148006,
0.014132422,
0.11684239,
0.1162873,
0.023518106,
-0.062449775,
-0.095091146,
-0.06017432,
0.0053074429,
0.075609289,
0.082582575,
0.018773078,
-0.027957076,
-0.060989266,
-0.075418807,
-0.014428289,
0.035498604,
0.09593624,
0.070191339,
-0.014987443,
-0.064685984,
-0.14908325,
-0.02064591,
0.07369558,
0.13445592,
0.092173736,
-0.061930154,
-0.11714427,
-0.1497257,
0.033587089,
0.12602533,
0.11392128,
0.043563353,
-0.10469328,
-0.11757172,
-0.085832036,
0.065192026,
0.15754731,
0.072730172,
-0.041244566,
-0.1754144,
-0.054980677,
0.070963642,
0.11853255,
0.051027314,
-0.08369643,
-0.049358413,
-0.072385343,
0.026233255,
0.10330095,
0.043807442,
0.015034121,
-0.12149673,
-0.048576068,
-0.0197021,
0.04373352,
0.13665728,
0.037804569,
-0.029149904,
-0.18121173,
-0.078796025,
0.081886589,
0.13406419,
0.094605307,
-0.047946158,
-0.11707016,
-0.10923707,
0.018146803,
0.11939268,
0.060668823,
0.022892152,
-0.072622958,
-0.062660026,
-0.022211589,
-0.012245664,
0.096849313,
0.045883936,
-0.016540506,
-0.048693755,
-0.069094955,
0.034226716,
0.014337422,
0.042292191,
0.0014088768,
-0.01230021,
-0.010597272,
-0.01562063,
-0.018801544,
-0.0044683662,
0.018987289,
0.031725546,
0.036532467,
0.010112453,
-0.067197326,
-0.091099398,
-0.030244162,
0.098321898,
0.15026525,
0.045030502,
-0.12696725,
-0.19031314,
-0.048482231,
0.14394154,
0.15220916,
0.062399873,
-0.063900678,
-0.12974232,
-0.12895327,
-0.0043934885,
0.1270777,
0.18731647,
0.023037906,
-0.10218859,
-0.2070011,
-0.064229621,
0.12135747,
0.19047098,
0.060255248,
-0.15420165,
-0.11310284,
-0.0071288137,
0.079404515,
0.070059382,
-0.012162222,
-0.01098462,
-0.052197275,
-0.020206164,
-0.008620316,
0.064841321,
0.069393333,
-0.025171225,
-0.11985607,
-0.060964811,
0.10134671,
0.10741734,
0.030038142,
-0.1440083,
-0.084700036,
0.055170501,
0.10221216,
0.044429642,
-0.10788103,
-0.048754068,
0.035586756,
0.066977637,
0.021270283,
-0.069860652,
-0.030180437,
-0.023638114,
0.063461169,
0.048126111,
0.0083502006,
-0.027181971,
-0.086037064,
-0.01393392,
0.011229116,
0.097366551,
0.054100769,
-0.044619949,
-0.047308731,
-0.093545501,
0.0057156123,
0.040964173,
0.11896715,
0.045879463,
-0.037486574,
-0.13253863,
-0.114442,
0.029816146,
0.14253211,
0.18768877,
-0.013757027,
-0.19800522,
-0.18521821,
-0.0033573319,
0.20694192,
0.14543083,
0.023684444,
-0.14181186,
-0.12426934,
-0.028886292,
0.035711782,
0.073558633,
0.077305842,
0.061016034,
-0.02490375,
-0.15914433,
-0.095535206,
0.01733854,
0.16373446,
0.085023599,
-0.011550835,
-0.10530323,
-0.053737723,
0.02103881,
-0.0060322976,
-0.023983259,
0.018787495,
0.12820148,
0.086516969,
-0.096939646,
-0.21648138,
-0.072573246,
0.14911388,
0.20163536,
0.02496757,
-0.11591122,
-0.11566138,
0.0021971589,
-0.0037269998,
0.0030896838,
0.076336512,
0.10985352,
0.010676442,
-0.096967752,
-0.17453726,
-0.054047198,
0.12683465,
0.21956095,
0.075519033,
-0.18110885,
-0.20751472,
-0.026867599,
0.14203918,
0.17771477,
-0.027682892,
-0.07309598,
-0.091194946,
0.015894149,
-1.9253699E-4,
-0.0042127153,
0.055828746,
0.045567994,
0.038500605,
-0.069851604,
-0.093011247,
-0.050764937,
0.03795371,
0.14350337,
0.078715569,
-0.039132287,
-0.14794734,
-0.13299492,
0.075558137,
0.12979279,
0.13242781,
-0.065398589,
-0.11768501,
-0.10645657,
0.028071184,
0.12225657,
0.065148368,
-0.018930354,
-0.08653934,
-0.043321432,
0.027107344,
0.026681659,
0.032943471,
-0.010421473,
-0.0028434589,
-0.0086862722,
-0.04948779,
-0.013816748,
0.073726599,
0.084495232,
-0.043291634,
-0.15937265,
-0.029778391,
0.11917194,
0.14315694,
-0.0051308601,
-0.1726232,
-0.079720262,
0.038566181,
0.12747445,
0.051877103,
-0.075808839,
-0.0409113,
0.0031944759,
0.033774526,
-0.026458557,
-0.062803043,
0.044942863,
0.10601084,
0.021667053,
-0.11440146,
-0.084041658,
0.064512446,
0.066071616,
-0.014337863,
-0.055664672,
0.03499553,
0.072243188,
0.013402802,
-0.12249427,
-0.11842996,
0.038282689,
0.2014925,
0.12826205,
-0.115894,
-0.19812013,
-0.094263717,
0.098827227,
0.16836698,
0.090896019,
-0.046812469,
-0.18474701,
-0.036836506,
-0.0022664658,
0.1084257,
0.072862144,
-0.0097441811,
-0.0020084662,
-0.083707804,
-0.015604691,
-0.081318405,
0.014331921,
0.16932663,
0.10943018,
-0.023510684,
-0.23972898,
-0.14309383,
0.080289223,
0.21805018,
0.15860992,
-0.10207476,
-0.17411803,
-0.10717053,
0.024303228,
0.11684102,
0.085830172,
0.042726436,
-0.025012764,
-0.083273163,
-0.12603207,
-0.070724946,
0.1273279,
0.21815805,
0.058486719,
-0.15451952,
-0.24451864,
-0.021418828,
0.18829079,
0.15618106,
0.0093489275,
-0.14851321,
-0.11206366,
0.016844951,
0.060422549,
0.10961273,
0.0095574392,
-0.047514132,
-0.10142768,
-0.067393189,
0.094501372,
0.096799263,
0.060259679,
-0.069778121,
-0.11755123,
-0.063313535,
0.036141179,
0.12808791,
0.08881132,
-0.0070099019,
-0.12487065,
-0.1424635,
0.0080679915,
0.1213651,
0.15506168,
-0.022831922,
-0.099593315,
-0.08858297,
-0.042390373,
0.069572651,
0.089491174,
0.038482555,
-0.034217582,
-0.089019944,
-0.012723661,
-4.0720862E-4,
0.088455201,
9.7002174E-4,
-0.021488044,
-0.057770711,
-0.0037376604,
0.043753187,
0.058617911,
0.0073917205,
-0.079335786,
-0.10203941,
0.024295669,
0.11599795,
0.13290843,
-0.041241519,
-0.17871115,
-0.11892116,
0.027932963,
0.22353409,
0.13914814,
-0.072262048,
-0.2143562,
-0.14863305,
0.10071338,
0.18572735,
0.10031564,
-0.042507518,
-0.13702311,
-0.089383263,
-0.035544913,
0.05686412,
0.14000699,
0.1059781,
-0.0013759939,
-0.18037378,
-0.18139124,
-0.011581309,
0.18580802,
0.21799342,
0.017808441,
-0.16179589,
-0.19120815,
-0.036563538,
0.074840111,
0.15321946,
0.074332086,
-0.0055026285,
-0.069291692,
-0.12824224,
-0.042303693,
-0.0082606239,
0.10746994,
0.11926814,
0.064982385,
-0.059142195,
-0.18443159,
-0.095167703,
0.0099545916,
0.17572398,
0.14259998,
0.010894748,
-0.10522243,
-0.20288804,
0.00114434,
0.033281933,
0.14944213,
0.089724794,
-0.026660063,
-0.058774273,
-0.16028476,
-0.031791297,
0.056899276,
0.14766453,
0.099947353,
-0.065813749,
-0.13987799,
-0.10855349,
0.049133525,
0.12860735,
0.095842637,
-0.038404454,
-0.10619137,
-0.056522969,
-0.011661465,
0.11194728,
0.017775018,
0.017346087,
-0.059613556,
-0.040513147,
0.012208144,
0.021446431,
0.048650771,
-0.051682589,
-0.01140198,
0.016530032,
0.029544845,
-0.0039583105,
-0.061581483,
0.045249122,
-0.018755309,
0.023019043,
-0.038985411,
0.01850371,
0.072077403,
-0.023019831,
-0.071318598,
-0.067351425,
0.062103623,
0.11872048,
-8.7335402E-4,
-0.083381671,
-0.093482248,
0.023268664,
0.11586591,
0.075568245,
-0.084504843,
-0.15788294,
-0.030945345,
0.17743116,
0.15777789,
-0.044447394,
-0.18122373,
-0.17603122,
0.062187442,
0.19091655,
0.15564727,
-0.01308916,
-0.16453855,
-0.14618197,
-0.090296625,
0.11176083,
0.20010954,
0.12469064,
-0.026078171,
-0.19918235,
-0.184896,
-0.083975272,
0.19731534,
0.2823891,
0.079531467,
-0.15057061,
-0.28982259,
-0.099695765,
0.10778804,
0.20736155,
0.16503177,
-0.07116826,
-0.14569368,
-0.14573555,
-0.03280171,
0.11141171,
0.12394317,
0.10245837,
-0.056128792,
-0.14527675,
-0.11920222,
-3.0996556E-5,
0.18920938,
0.11616468,
-0.032222836,
-0.17094989,
-0.07292718,
0.060681041,
0.080317576,
0.061200785,
-0.042027399,
-0.043994291,
-0.045041057,
0.023392674,
0.041902819,
-0.0098964339,
0.0028476214,
-0.0049966497,
-0.015395887,
0.0023784181,
0.031104069,
-6.8354617E-6,
-0.041276596,
-0.028724276,
0.018503895,
0.052427448,
0.012134907,
0.022302725,
-0.035090362,
-0.089090721,
-0.050608842,
0.045549814,
0.16409909,
0.071439288,
-0.080113653,
-0.19238138,
-0.089949768,
0.088929534,
0.19367281,
0.13386121,
-0.10673467,
-0.21446321,
-0.11945744,
0.13144831,
0.19362925,
0.04247359,
-0.086867231,
-0.15428801,
-0.0032675299,
0.068329182,
0.058045618,
0.031770052,
-0.060018722,
-0.0052114416,
-0.018434186,
-0.013096656,
0.0046281749,
0.022176708,
0.072614967,
-0.028453463,
-0.068003116,
-0.020776482,
0.0096714617,
0.026360513,
0.06512074,
-0.0061159062,
-0.034263732,
-0.058904334,
0.020153346,
0.009288571,
-0.0060967435,
0.024967827,
0.035992721,
0.046461801,
-0.079998253,
-0.10627891,
0.001949436,
0.092271174,
0.10744717,
-0.027267101,
-0.06051302,
-0.059342861,
-0.056741504,
0.049563372,
0.073307895,
0.076576482,
-0.0057140128,
-0.13114043,
-0.074978866,
0.017695012,
0.1374143,
0.069718911,
-0.056299623,
-0.096395468,
-0.060985112,
0.049928616,
0.093554365,
0.029213198,
-0.042617687,
-0.07068095,
-0.029860292,
0.059702449,
0.046122183,
0.010548377,
-0.05260355,
-0.038338388,
-0.02121315,
0.073207932,
0.083071172,
-0.0049516146,
-0.14230026,
-0.12674069,
0.09577024,
0.19060135,
0.12179925,
-0.14137006,
-0.26397481,
-0.048257987,
0.15114598,
0.23116842,
0.047671779,
-0.1495717,
-0.14230039,
-0.091405615,
0.088909585,
0.11749425,
0.085152946,
0.017152958,
-0.11366481,
-0.10954771,
-0.072513356,
0.098420829,
0.1822576,
0.040991663,
-0.1166238,
-0.19837769,
0.020406466,
0.14635359,
0.13375092,
-0.014963028,
-0.20057424,
-0.10628543,
0.07740501,
0.1810842,
0.11355258,
-0.12625832,
-0.16910509,
-0.070043502,
0.074350567,
0.15690693,
0.096569848,
-0.050606649,
-0.14238515,
-0.13936936,
0.050042875,
0.1658347,
0.069134262,
-0.019155361,
-0.098329554,
-0.073023113,
-0.01976428,
0.035799561,
0.13085743,
0.040193843,
-0.062727935,
-0.09803835,
-0.085105732,
0.06986566,
0.10337736,
0.10056777,
-0.061799234,
-0.15528376,
-0.040946369,
0.039197292,
0.12930069,
0.019845477,
7.8601571E-4,
-0.057582998,
-0.094274689,
0.0042064705,
0.027122887,
0.082121357,
0.030103416,
-0.028771735,
-0.013552227,
-0.053973905,
-0.026749835,
-0.032297384,
0.057093626,
0.13118966,
0.011476041,
-0.083690471,
-0.098966567,
-0.068572681,
0.081618543,
0.12362008,
0.057681254,
-0.078550944,
-0.12784116,
0.014449758,
0.056033913,
0.039681433,
-0.021687195,
-0.015164754,
0.0082260014,
0.013549454,
0.0073491572,
-0.064330505,
0.012498241,
0.050225858,
0.0039708195,
-0.058288735,
-0.045318573,
0.13730822,
0.042713642,
-0.062579185,
-0.14058533,
-0.081474992,
0.15909598,
0.18005613,
0.02561026,
-0.18465083,
-0.19156166,
0.050919338,
0.14958952,
0.11279985,
-0.0046626506,
-0.1127361,
-0.090894066,
0.0098996053,
0.045877414,
0.053418804,
0.024255352,
-0.017809157,
-0.011568123,
-0.050226212,
-0.027919774,
0.028502548,
0.052075366,
0.025902893,
-0.025904672,
-0.059360421,
-0.011815168,
0.051988437,
0.034929695,
-0.014958765,
-0.061981313,
0.0013300503,
0.031231998,
-4.0392655E-4,
0.056562323,
-0.015643895,
-0.066929391,
-0.035396478,
0.027237823,
0.073347122,
-0.0054152923,
9.3449423E-4,
-0.038509115,
-0.013974847,
-0.015651167,
0.01208394,
0.017741864,
0.021782937,
0.039812524,
-0.034924671,
-0.041983869,
-0.039940215,
0.0018962426,
0.070732787,
0.033435009,
0.0072723263,
-0.029385263,
-0.063792877,
-0.032051156,
0.01912479,
0.049397535,
0.075522339,
0.0086257216,
-0.072453907,
-0.076245518,
-0.049870141,
0.082368998,
0.096394761,
0.027572715,
-0.033074364,
-0.11497539,
-0.025048925,
0.009840075,
0.066991708,
0.0986533,
-0.013632323,
-0.064374998,
-0.1451812,
0.028184532,
0.13307422,
0.076071606,
-0.034516164,
-0.1548879,
-0.026920954,
0.071962797,
0.10827456,
0.0172597,
-0.091086616,
-0.065004734,
-0.028309688,
0.073306799,
0.067479708,
0.010477553,
0.0028092867,
-0.089514619,
-0.039219108,
-0.056325274,
0.081158802,
0.14202359,
0.065315925,
-0.09786285,
-0.22714295,
-0.0575236,
0.16830858,
0.20685357,
0.033315346,
-0.19341725,
-0.12421993,
-0.0080422473,
0.091413968,
0.082404187,
0.046019231,
0.0081384397,
-0.10828161,
-0.089542708,
-0.020081323,
0.088939504,
0.12546883,
0.0057320618,
-0.049302265,
-0.12245496,
-0.057909938,
0.071077401,
0.092794418,
0.067633622,
-0.043896891,
-0.074582189,
-0.052643467,
-0.037558076,
0.060878819,
0.11879977,
0.041857778,
-0.086732014,
-0.13119176,
0.013063286,
0.075004741,
0.057817934,
-0.012928667,
-0.032582857,
-0.012608667,
0.0014627733,
0.011831795,
-0.026755127,
-0.018151362,
0.018862007,
0.067003434,
0.020436252,
-0.071483421,
-0.02294459,
-0.03474241,
0.024891652,
0.040226207,
0.051023247,
0.0030478268,
-0.066696406,
-0.0085849823,
-0.041762585,
0.017538086,
0.029505373,
0.034637157,
0.058660235,
-0.049241161,
-0.02961864,
-0.096713266,
-0.010549808,
0.089188847,
0.087318681,
0.057787715,
-0.10860658,
-0.092144078,
-0.03761377,
0.049769648,
0.092237483,
-0.0027559283,
0.026046149,
2.1109003E-4,
-0.059404755,
-0.10306134,
-0.033098148,
0.12081824,
0.1279757,
0.026688297,
-0.11990092,
-0.14492389,
-0.01011919,
0.13138499,
0.10285627,
-0.057583732,
-0.062726176,
5.7881845E-4,
0.014534391,
-0.024261672,
0.0037072225,
0.034636833,
-0.0067216633,
0.0031572484,
0.0044594292,
-0.020261541,
-0.012292207,
0.02890611,
-0.028395366,
-0.020169993,
0.036799937,
0.055867229,
-0.0038127916,
-0.092908485,
-0.042355894,
0.061512715,
0.060690477,
0.017862487,
-0.030221625,
-0.065443365,
-0.024186209,
0.031777152,
0.037536196,
0.051015674,
-0.011713941,
-0.051205047,
-0.044121154,
-0.037322709,
0.055934273,
0.081772577,
0.056970535,
-0.079901803,
-0.1195411,
-0.0084627291,
0.09020451,
0.07032566,
-0.034413292,
-0.025658857,
-0.016673738,
0.0073141628,
-0.012680296,
-0.011354239,
0.016066484,
0.016407756,
0.014114163,
0.015787969,
-0.014867006,
-0.041168653,
-0.035222485,
-0.013276441,
0.069285409,
0.095908928,
0.0016961808,
-0.11788516,
-0.13081086,
0.0591339,
0.14462824,
0.071666029,
-0.052133799,
-0.1401853,
-0.064483292,
0.081154071,
0.10355999,
0.059296213,
-0.088936717,
-0.087688342,
-0.0078711452,
0.04782944,
0.015380988,
0.037481467,
0.034221042,
0.0028120285,
-0.11901544,
-0.11607195,
0.097907284,
0.16613673,
0.085940352,
-0.15374653,
-0.18196428,
0.0034730528,
0.13478653,
0.15900314,
-0.049555802,
-0.11642041,
-0.088187017,
0.018690605,
0.11705291,
0.022608361,
-0.00477063,
-0.037246336,
-0.037309834,
-0.019156382,
-0.026217325,
0.073682536,
0.053817409,
0.044483214,
-0.085737986,
-0.13308189,
0.026380168,
0.07559684,
0.11638691,
-0.024017968,
-0.085846113,
-0.061667075,
0.0050142095,
0.080352751,
-0.0054446731,
0.016487114,
-0.025744068,
-0.0087511667,
0.0099695461,
-0.023885615,
0.018707068,
-0.033766099,
0.034802761,
0.026530542,
-0.016949603,
-0.018020461,
-0.01128129,
0.041798837,
-0.029185809,
-0.052705871,
0.032573052,
0.04947675,
0.065334928,
-0.072205111,
-0.086975402,
-0.016501396,
0.062873091,
0.11418488,
-0.037014943,
-0.078608568,
-0.049790757,
0.033750606,
0.094265187,
-0.0085023105,
-0.065136317,
-0.059432264,
0.050504728,
0.081377052,
-0.0048653996,
-0.04332677,
-0.046994479,
-0.025333022,
0.031029512,
0.049741334,
0.050603701,
-0.011680467,
-0.04475369,
-0.093938827,
-0.043054405,
0.092988168,
0.15820634,
0.023113216,
-0.17815598,
-0.1003759,
0.027912178,
0.11140039,
0.065571234,
-0.0085533163,
-0.046359152,
-0.077667352,
-0.014676943,
0.015792944,
0.091503241,
0.032837862,
-0.022062677,
-0.07702663,
-0.078154867,
0.051804261,
0.091467195,
0.079160555,
-0.060705053,
-0.13818719,
-0.048937148,
0.05920015,
0.16256199,
0.04661343,
-0.06723749,
-0.15983089,
-0.079329896,
0.090029157,
0.12918314,
0.086421504,
-0.039947119,
-0.097818181,
-0.12548182,
-0.033405566,
0.10199401,
0.16043666,
0.066213631,
-0.1100247,
-0.14456787,
-0.060734707,
0.054260066,
0.10352876,
0.090929594,
-0.01995145,
-0.0924998,
-0.047008143,
-0.0032334961,
0.043451046,
-0.013125374,
-0.019956926,
0.080611077,
0.059707251,
0.0080037964,
-0.15706097,
-0.1191914,
0.0540529,
0.11896489,
0.15403584,
0.0080345019,
-0.12497424,
-0.18367293,
-0.057248835,
0.11474835,
0.17542687,
0.096285776,
-0.06195027,
-0.15333023,
-0.14458651,
1.1938E-4,
0.1363455,
0.17991353,
0.056606657,
-0.15001695,
-0.20470627,
-0.021496874,
0.12832931,
0.16517847,
0.0040123547,
-0.10580769,
-0.095537918,
-0.033814005,
0.10019686,
0.084663382,
0.02084318,
-0.11521965,
-0.094836235,
0.036843559,
0.12966948,
0.055455891,
-0.060879117,
-0.08406826,
-0.06859958,
0.015284758,
0.11498683,
0.074607512,
-0.0052426145,
-0.098622577,
-0.11487534,
0.021713194,
0.069880554,
0.13393549,
0.0016119131,
-0.11967088,
-0.095786453,
0.0024890941,
0.12117844,
0.097570154,
-0.049122634,
-0.12799811,
-0.071564772,
0.092692887,
0.13352758,
-0.0011490247,
-0.08444713,
-0.085200173,
-0.034137127,
0.084729431,
0.10240891,
0.010042201,
-0.072428375,
-0.090018269,
0.0063168235,
0.043115175,
0.056865804,
0.015278923,
-0.028787561,
-0.031166803,
-0.045350645,
0.011805938,
0.067926718,
0.015191627,
0.0059576392,
-0.089595078,
-0.012723079,
0.016081298,
0.059984948,
0.066722502,
-0.046666618,
-0.089925768,
-0.066768303,
0.081329159,
0.11633875,
-0.0060906165,
-0.075993289,
-0.095111424,
0.061746396,
0.057152709,
0.057449496,
-0.093837177,
-0.10981697,
0.067791439,
0.13174014,
0.069447575,
-0.14096077,
-0.13221276,
-0.0051522151,
0.092053869,
0.13749551,
0.020745189,
-0.060893085,
-0.11724795,
-0.084052242,
0.038212446,
0.11704539,
0.11268436,
-0.053888034,
-0.04061312,
-0.10714219,
-0.035761902,
0.025078515,
0.10731473,
0.097828449,
-0.052646627,
-0.065329369,
-0.10052234,
-0.0094615987,
0.067015727,
0.11041954,
0.07079875,
-0.15177032,
-0.08605949,
-0.013875577,
0.12661959,
0.05634533,
-0.038936763,
-0.04482304,
-0.052549589,
0.028449672,
0.036009451,
0.0056048712,
0.0093552466,
-0.020357402,
0.016234123,
-0.045372853,
-0.034741768,
0.043523646,
0.076310426,
0.022502974,
-0.10230636,
-0.085363563,
0.043212047,
0.12054716,
0.043784132,
-0.064451,
-0.12612234,
-0.0077564461,
0.08162345,
0.080168872,
-0.011737183,
-0.039205062,
-0.0069393365,
-0.066535576,
-0.028299394,
0.037705718,
0.092615077,
0.087857531,
-0.062478034,
-0.10898812,
-0.13108671,
0.054951958,
0.1768731,
0.080120147,
-0.04873163,
-0.16283889,
-0.030967358,
0.053207145,
0.048300679,
0.039276326,
-0.029766019,
0.018198755,
-0.040099996,
-0.039436934,
0.040263253,
0.014151247,
0.020769531,
-0.055934967,
-0.015144736,
0.030200021,
0.033530726,
0.071752533,
-0.067476247,
-0.080776209,
-0.07978887,
0.054554238,
0.15348003,
0.072810904,
-0.01098827,
-0.20241189,
-0.1417544,
0.040666842,
0.20858179,
0.21030906,
-0.083240796,
-0.23473318,
-0.16313609,
0.047469076,
0.23927616,
0.1415201,
-0.041991847,
-0.1942273,
-0.13323106,
0.032731263,
0.1128852,
0.11660177,
0.067231307,
-0.04282868,
-0.19818229,
-0.15459762,
0.065727503,
0.26901857,
0.1554587,
-0.10695576,
-0.25451788,
-0.10800586,
0.089323924,
0.17813659,
0.096523253,
-0.068542556,
-0.099204847,
-0.050384207,
0.010641553,
0.032726589,
0.01644818,
0.039707194,
-0.0078498191,
-0.017041602,
0.00147962,
0.0035713108,
-0.0046781095,
-0.090198727,
-0.022403343,
0.098857032,
0.14417158,
0.022417341,
-0.17915641,
-0.16054574,
-0.010213037,
0.19393531,
0.19139488,
-0.022800744,
-0.20310486,
-0.14410239,
0.026101006,
0.14112383,
0.11268514,
0.051091007,
-0.095730671,
-0.1930128,
-0.070502384,
0.10885062,
0.2515742,
0.07681696,
-0.20442786,
-0.21823249,
-0.019813393,
0.19276504,
0.16050738,
-0.013992067,
-0.1078617,
-0.12605036,
-0.0074571447,
0.063606407,
0.059461845,
0.080622135,
-0.034558206,
-0.089774048,
-0.061801771,
0.026245418,
0.11179207,
0.036710085,
-0.086840373,
-0.10545589,
0.003718227,
0.18150756,
0.097635226,
-0.12915347,
-0.19997872,
-0.079149801,
0.21578048,
0.21445514,
0.0088187679,
-0.23124491,
-0.17220161,
0.032168304,
0.13998026,
0.15999516,
0.021802333,
-0.11455911,
-0.14287404,
-0.095968413,
0.10479005,
0.20199312,
0.077881774,
-0.11570359,
-0.20953444,
-0.056829098,
0.11138165,
0.20123413,
0.080834004,
-0.13520462,
-0.20538592,
-0.083813335,
0.1378744,
0.20516413,
0.10322372,
-0.12464649,
-0.21838845,
-0.11065786,
0.078825897,
0.21911418,
0.1457812,
-0.026680277,
-0.21982025,
-0.19119227,
0.005418357,
0.18770513,
0.20954753,
0.026385524,
-0.14425897,
-0.18608976,
-0.085307344,
0.10261333,
0.16477316,
0.09097482,
-0.054572189,
-0.10054625,
-0.078455963,
-0.013366132,
0.051515407,
0.03337837,
0.042314814,
0.035159754,
0.04662378,
-0.097599201,
-0.17288701,
0.0042301789,
0.11058927,
0.18893557,
-0.0072284571,
-0.09895157,
-0.11674066,
-0.096170729,
0.1095441,
0.079443201,
0.1005701,
-0.018627191,
-0.089145009,
-0.068696758,
-0.12838833,
0.095374033,
0.17014326,
0.12893689,
-0.083190639,
-0.24975187,
-0.091264726,
0.058379514,
0.25226805,
0.13139354,
-0.097330111,
-0.16790995,
-0.19032526,
0.057082202,
0.18281984,
0.16079336,
-0.0091941903,
-0.16769682,
-0.099597971,
-0.023317502,
0.053043239,
0.13160973,
0.012585778,
-0.034042378,
-0.047871262,
0.0078464765,
0.031458701,
-0.082280385,
-0.039542603,
-0.038690408,
0.11625772,
0.4800388,
-0.49915923,
-0.17324008,
0.041820774,
0.12777567,
0.10823144,
0.034490988,
-0.037977116,
-0.071651374,
-0.058096963,
-0.014800254,
0.029013624,
0.049373784,
0.038914696,
0.0080333639,
-0.023356705,
-0.037776867,
-0.029284001,
-0.0052603594,
0.01918267,
0.030292143,
0.023134239,
0.0034541333,
-0.016524593,
-0.025477047,
-0.019262007,
-0.0026249656,
0.014176114,
0.021593237,
0.016117094,
0.0017875239,
-0.012631788,
-0.018929721,
-0.014052977,
-0.0015184668,
0.011028453,
0.01643229,
0.012077691,
0.0010521932,
-0.0099683119,
-0.014726491,
-0.010873651,
-0.0010838596,
0.0087444582,
0.013009726,
0.0095623702,
7.6939724E-4,
-0.0080699998,
-0.011898582,
-0.0087778401,
-8.4505833E-4,
0.0071318656,
0.010585156,
0.007756419,
5.6860575E-4,
-0.0066551917,
-0.0097688478,
-0.007199145,
-6.9253262E-4,
0.0058470541,
0.0086924551,
0.0063990007,
4.9581528E-4,
-0.0054897969,
-0.0081394284,
-0.0060685788,
-6.4784093E-4,
0.0048742332,
0.0073086095,
0.0053808633,
3.8608099E-4,
-0.0046679659,
-0.0068784175,
-0.0050891877,
-4.9832444E-4,
0.0041198568,
0.0061059988,
0.0044323174,
2.4869344E-4,
-0.0039189872,
-0.005704387,
-0.0042126211,
-4.5006261E-4,
0.0033504206,
0.0050284352,
0.0037120524,
2.8032912E-4,
-0.0032248903,
-0.0047917249,
-0.0036013097,
-4.5923278E-4,
0.002765576,
0.0042202877,
0.0031419968,
2.5127118E-4,
-0.0027201237,
-0.0040511245,
-0.0030434096,
-3.8575409E-4,
0.0023117172,
0.0034898978,
0.0025676369,
1.8891613E-4,
-0.0022284941,
-0.0033202531,
-0.0025494158,
-4.186952E-4,
0.0018156737,
0.0028846121,
0.0022049924,
2.2691765E-4,
-0.0018551315,
-0.0028408205,
-0.0022003391,
-3.7094044E-4,
0.001538611,
0.0024259265,
0.0018119373,
1.2344881E-4,
-0.0016003176,
-0.0023592146,
-0.0017705594,
-2.6279551E-4,
0.0012492858,
0.0019041889,
0.0013928193,
8.2961018E-5,
-0.0012457143,
-0.0018546262,
-0.0014514171,
-3.0948525E-4,
8.9936181E-4,
0.0015030888,
0.0011836718,
1.5156756E-4,
-9.8278479E-4,
-0.0015713921,
-0.0012889685,
-3.2741531E-4,
7.4094225E-4,
0.0012848833,
0.0010018516,
9.0043513E-5,
-8.8746404E-4,
-0.0013479071,
-0.0010512548,
-2.1508748E-4,
6.4086184E-4,
0.0010140806,
7.2607993E-4,
-9.3231037E-6,
-7.3740804E-4,
-0.0010505195,
-7.9993528E-4,
-1.6595081E-4,
4.6636972E-4,
7.4477851E-4,
5.2832177E-4,
-2.9963354E-5,
-5.9472146E-4,
-8.2522237E-4,
-6.1188343E-4,
-1.3010647E-4,
3.3095384E-4,
5.0862032E-4,
3.4946028E-4,
-3.9595846E-5,
-4.2786826E-4,
-5.9866434E-4,
-4.9294792E-4,
-1.6855635E-4,
1.7126102E-4,
3.4989423E-4,
2.7658008E-4,
1.5255484E-6,
-2.9780908E-4,
-4.843165E-4,
-4.5240075E-4,
-2.2338E-4,
8.4986748E-5,
2.9905996E-4,
2.7192614E-4,
2.7367306E-5,
-2.9733668E-4,
-4.850834E-4,
-4.1948339E-4,
-1.6051383E-4,
1.3358294E-4,
2.6312324E-4,
1.6796138E-4,
-7.4681989E-5,
-3.0223279E-4,
-3.8196864E-4,
-2.9753178E-4,
-1.07369E-4,
7.4675763E-5,
1.4467914E-4,
9.0576726E-5,
-5.6601881E-5,
-2.1524194E-4,
-3.0816633E-4,
-2.875939E-4,
-1.5309582E-4,
7.0439573E-6,
1.1854656E-4,
1.1931988E-4
