8.7846627E-5,
-6.1204398E-18,
-8.8951685E-5,
-1.2684497E-4,
-9.0562421E-5,
3.8154726E-19,
9.2693393E-5,
1.3287746E-4,
9.5359289E-5,
-1.1414161E-17,
-9.857493E-5,
-1.4197796E-4,
-1.0235528E-4,
-2.6052323E-18,
1.0671547E-4,
1.5431583E-4,
1.1167078E-4,
3.964802E-18,
-1.1723666E-4,
-1.7006407E-4,
-1.2342879E-4,
-6.8511418E-18,
1.30263E-4,
1.8939982E-4,
1.3775537E-4,
-1.9627954E-18,
-1.4592222E-4,
-2.1250503E-4,
-1.5478012E-4,
-1.3260663E-17,
1.643459E-4,
2.3956721E-4,
1.7463672E-4,
-1.1228074E-17,
-1.8567003E-4,
-2.7078043E-4,
-1.9746366E-4,
1.6951284E-18,
2.1003579E-4,
3.0634636E-4,
2.2340503E-4,
-2.5543524E-17,
-2.3759043E-4,
-3.4647565E-4,
-2.5261153E-4,
-5.4127459E-18,
2.6848838E-4,
3.9138945E-4,
2.852416E-4,
-1.7312026E-17,
-3.0289243E-4,
-4.4132128E-4,
-3.2146278E-4,
-1.6518429E-17,
3.4097528E-4,
4.9651924E-4,
3.6145335E-4,
-2.5742579E-18,
-3.8292125E-4,
-5.5724854E-4,
-4.0540418E-4,
-7.8004835E-18,
4.2892836E-4,
6.2379461E-4,
4.5352108E-4,
-2.5842935E-17,
-4.7921082E-4,
-6.9646671E-4,
-5.0602738E-4,
6.4880925E-18,
5.3400192E-4,
7.7560224E-4,
5.6316718E-4,
-1.997746E-18,
-5.9355753E-4,
-8.6157192E-4,
-6.2520916E-4,
-1.0666137E-17,
6.5816025E-4,
9.5478592E-4,
6.9245111E-4,
-3.6901774E-17,
-7.2812442E-4,
-0.0010557013,
-7.6522542E-4,
-3.5869578E-17,
8.0380216E-4,
0.0011648308,
8.4390573E-4,
7.5679918E-21,
-8.8559062E-4,
-0.001282754,
-9.2891495E-4,
-1.3838279E-17,
9.7394093E-4,
0.0014101302,
0.0010207351,
-5.0676043E-17,
-0.0010693691,
-0.0015477149,
-0.0011199195,
1.9064829E-17,
0.0011724693,
0.0016963797,
0.0012271077,
4.3589183E-18,
-0.001283931,
-0.0018571373,
-0.0013430439,
-1.7127149E-17,
0.0014045595,
0.0020311732,
0.0014686009,
-6.763023E-17,
-0.0015353024,
-0.002219885,
-0.00160481,
-6.821296E-17,
0.0016772838,
0.0024249336,
0.0017528988,
1.2429642E-17,
-0.0018318473,
-0.0026483087,
-0.0019143411,
-2.0336002E-17,
0.0020006134,
0.0028924146,
0.0020909221,
-8.8873219E-17,
-0.0021855534,
-0.0031601845,
-0.0022848249,
-2.1849929E-17,
0.0023890907,
0.0034552324,
0.0024987465,
2.6580193E-17,
-0.0026142359,
-0.0037820621,
-0.0027360579,
-2.3272881E-17,
0.0028647753,
0.0041463552,
0.0030010259,
-1.1708402E-16,
-0.0031455346,
-0.0045553798,
-0.0032991292,
-2.4583495E-17,
0.0034627586,
0.0050185797,
0.0036375164,
5.1705373E-17,
-0.0038246687,
-0.0055484467,
-0.0040256898,
-2.5762099E-17,
0.0042423061,
0.006161848,
0.0044765526,
-1.5941168E-16,
-0.0047308443,
-0.006882112,
-0.0050080693,
-2.6790997E-17,
0.00531171,
0.0077424309,
0.0056460035,
-4.5407311E-17,
-0.0060161579,
-0.0087916651,
-0.0064286459,
-2.7654747E-17,
0.0068916132,
0.010104792,
0.0074154555,
-4.6700893E-17,
-0.0080136516,
-0.011802997,
-0.0087039967,
-2.834038E-17,
0.0095104794,
0.014095686,
0.010466231,
-4.7688463E-17,
-0.011618337,
-0.017378507,
-0.013036045,
-2.8837605E-17,
0.014825544,
0.022499419,
0.017158373,
-4.8355196E-17,
-0.020330835,
-0.031663312,
-0.024902626,
-2.9138957E-17,
0.032073107,
0.052955122,
0.04496063,
-4.8691084E-17,
-0.074999189,
-0.15914028,
-0.22509482,
0.75009298,
-0.22509482,
-0.15914028,
-0.074999189,
-4.8691084E-17,
0.04496063,
0.052955122,
0.032073107,
-2.9138957E-17,
-0.024902626,
-0.031663312,
-0.020330835,
-4.8355196E-17,
0.017158373,
0.022499419,
0.014825544,
-2.8837605E-17,
-0.013036045,
-0.017378507,
-0.011618337,
-4.7688463E-17,
0.010466231,
0.014095686,
0.0095104794,
-2.834038E-17,
-0.0087039967,
-0.011802997,
-0.0080136516,
-4.6700893E-17,
0.0074154555,
0.010104792,
0.0068916132,
-2.7654747E-17,
-0.0064286459,
-0.0087916651,
-0.0060161579,
-4.5407311E-17,
0.0056460035,
0.0077424309,
0.00531171,
-2.6790997E-17,
-0.0050080693,
-0.006882112,
-0.0047308443,
-1.5941168E-16,
0.0044765526,
0.006161848,
0.0042423061,
-2.5762099E-17,
-0.0040256898,
-0.0055484467,
-0.0038246687,
5.1705373E-17,
0.0036375164,
0.0050185797,
0.0034627586,
-2.4583495E-17,
-0.0032991292,
-0.0045553798,
-0.0031455346,
-1.1708402E-16,
0.0030010259,
0.0041463552,
0.0028647753,
-2.3272881E-17,
-0.0027360579,
-0.0037820621,
-0.0026142359,
2.6580193E-17,
0.0024987465,
0.0034552324,
0.0023890907,
-2.1849929E-17,
-0.0022848249,
-0.0031601845,
-0.0021855534,
-8.8873219E-17,
0.0020909221,
0.0028924146,
0.0020006134,
-2.0336002E-17,
-0.0019143411,
-0.0026483087,
-0.0018318473,
1.2429642E-17,
0.0017528988,
0.0024249336,
0.0016772838,
-6.821296E-17,
-0.00160481,
-0.002219885,
-0.0015353024,
-6.763023E-17,
0.0014686009,
0.0020311732,
0.0014045595,
-1.7127149E-17,
-0.0013430439,
-0.0018571373,
-0.001283931,
4.3589183E-18,
0.0012271077,
0.0016963797,
0.0011724693,
1.9064829E-17,
-0.0011199195,
-0.0015477149,
-0.0010693691,
-5.0676043E-17,
0.0010207351,
0.0014101302,
9.7394093E-4,
-1.3838279E-17,
-9.2891495E-4,
-0.001282754,
-8.8559062E-4,
7.5679918E-21,
8.4390573E-4,
0.0011648308,
8.0380216E-4,
-3.5869578E-17,
-7.6522542E-4,
-0.0010557013,
-7.2812442E-4,
-3.6901774E-17,
6.9245111E-4,
9.5478592E-4,
6.5816025E-4,
-1.0666137E-17,
-6.2520916E-4,
-8.6157192E-4,
-5.9355753E-4,
-1.997746E-18,
5.6316718E-4,
7.7560224E-4,
5.3400192E-4,
6.4880925E-18,
-5.0602738E-4,
-6.9646671E-4,
-4.7921082E-4,
-2.5842935E-17,
4.5352108E-4,
6.2379461E-4,
4.2892836E-4,
-7.8004835E-18,
-4.0540418E-4,
-5.5724854E-4,
-3.8292125E-4,
-2.5742579E-18,
3.6145335E-4,
4.9651924E-4,
3.4097528E-4,
-1.6518429E-17,
-3.2146278E-4,
-4.4132128E-4,
-3.0289243E-4,
-1.7312026E-17,
2.852416E-4,
3.9138945E-4,
2.6848838E-4,
-5.4127459E-18,
-2.5261153E-4,
-3.4647565E-4,
-2.3759043E-4,
-2.5543524E-17,
2.2340503E-4,
3.0634636E-4,
2.1003579E-4,
1.6951284E-18,
-1.9746366E-4,
-2.7078043E-4,
-1.8567003E-4,
-1.1228074E-17,
1.7463672E-4,
2.3956721E-4,
1.643459E-4,
-1.3260663E-17,
-1.5478012E-4,
-2.1250503E-4,
-1.4592222E-4,
-1.9627954E-18,
1.3775537E-4,
1.8939982E-4,
1.30263E-4,
-6.8511418E-18,
-1.2342879E-4,
-1.7006407E-4,
-1.1723666E-4,
3.964802E-18,
1.1167078E-4,
1.5431583E-4,
1.0671547E-4,
-2.6052323E-18,
-1.0235528E-4,
-1.4197796E-4,
-9.857493E-5,
-1.1414161E-17,
9.5359289E-5,
1.3287746E-4,
9.2693393E-5,
3.8154726E-19,
-9.0562421E-5,
-1.2684497E-4,
-8.8951685E-5,
-6.1204398E-18,
8.7846627E-5
