1.49976321684938529444e+00,
1.49940626862942183450e+00,
1.49903362100593273709e+00,
1.49886344112120695193e+00,
1.49899588267730687896e+00,
1.49934229837434451760e+00,
1.49968138067209633135e+00,
1.49979153331885228795e+00,
1.49958719860851541483e+00,
1.49917619328284068558e+00,
1.49879400727600553545e+00,
1.49866967352646973666e+00,
1.49888915608188399986e+00,
1.49934410516788862999e+00,
1.49979603702459174386e+00,
1.50001347557088315909e+00,
1.49990372627436330255e+00,
1.49955284640094843596e+00,
1.49916826493148858113e+00,
1.49896296572339693398e+00,
1.49903423342730413026e+00,
1.49931919129933688417e+00,
1.49963445492497493561e+00,
1.49978309819668709224e+00,
1.49967643811552409083e+00,
1.49938392641626982993e+00,
1.49909281956692264082e+00,
1.49899237138672702940e+00,
1.49916157286245188551e+00,
1.49951980255603123382e+00,
1.49986912998993382473e+00,
1.50001581710209741516e+00,
1.49988591726762665601e+00,
1.49957873033270638885e+00,
1.49931549379008566270e+00,
1.49931020999451192210e+00,
1.49964058666521271590e+00,
1.50018336868807677931e+00,
1.50068394144944372570e+00,
1.50089651097256071566e+00,
1.50072508566354967385e+00,
1.50027489222291388060e+00,
1.49979535673362462944e+00,
1.49954795106410299077e+00,
1.49966018631260888938e+00,
1.50005594028126720829e+00,
1.50049396599406925645e+00,
1.50070901101272835554e+00,
1.50056943129551068061e+00,
1.50015260624532853484e+00,
1.49969991126066481968e+00,
1.49946375636130979636e+00,
1.49956342860305258391e+00,
1.49991896769664179168e+00,
1.50030049290544753582e+00,
1.50046654927860401152e+00,
1.50031199190367470209e+00,
1.49993657769663446544e+00,
1.49958168802014490950e+00,
1.49948099743145157881e+00,
1.49971359350337252181e+00,
1.50015328897109023742e+00,
1.50054870209243795820e+00,
1.50066419416432683676e+00,
1.50041581167354309834e+00,
1.49991924740804427607e+00,
1.49942895070423665160e+00,
1.49920084386656493614e+00,
1.49934463780559124046e+00,
1.49976685184140223761e+00,
1.50021920871315850299e+00,
1.50044326297623697997e+00,
1.50032332037143278924e+00,
1.49994966162878196059e+00,
1.49956496170570607873e+00,
1.49941566031207562659e+00,
1.49961323612265573502e+00,
1.50006254637788827289e+00,
1.50051094949226704323e+00,
1.50069769316365952960e+00,
1.50051092660218854391e+00,
1.50006531255774522293e+00,
1.49962724268199165678e+00,
1.49946005958611561226e+00,
1.49965934760296515371e+00,
1.50009409349499756026e+00,
1.50049479228444493373e+00,
1.50060928980498453633e+00,
1.50035950920582994428e+00,
1.49988113472154305228e+00,
1.49945363952823607079e+00,
1.49934449185820706241e+00,
1.49964236497850733620e+00,
1.50020650478613126744e+00,
1.50073264586627908024e+00,
1.50093136482165556700e+00,
1.50068550285066604211e+00,
1.50011505928302080193e+00,
1.49950906455936938677e+00,
1.49915664431520934130e+00,
1.49920467486624553466e+00,
1.49958247326572902125e+00,
1.50005759050419196221e+00,
1.50037332217690977387e+00,
1.50039335191893785648e+00,
1.50018066041472053485e+00,
1.49994217151504871666e+00,
1.49990070224921989706e+00,
1.50014293189846159571e+00,
1.50055878624171912250e+00,
1.50090412841590370441e+00,
1.50094069334521118542e+00,
1.50058697786821104714e+00,
1.49997948557958626914e+00,
1.49941885865514734633e+00,
1.49920238493304047722e+00,
1.49945245906721513762e+00,
1.50003888512395389121e+00,
1.50064545733402665562e+00,
1.50095134037681843253e+00,
1.50081070826226281589e+00,
1.50034103491157022603e+00,
1.49984659378151574671e+00,
1.49963473314017137206e+00,
1.49982971997262248820e+00,
1.50029498651176074198e+00,
1.50072053932969873280e+00,
1.50081052452058072433e+00,
1.50046716539021685044e+00,
1.49985453423753001267e+00,
1.49930289893499901765e+00,
1.49911821327148953031e+00,
1.49939718552163192555e+00,
1.49997067907579539892e+00,
1.50049885750942935125e+00,
1.50067046405097337392e+00,
1.50038531443755207562e+00,
1.49980538910213168080e+00,
1.49926722829573377815e+00,
1.49907891921855163098e+00,
1.49934496053975663266e+00,
1.49990870922325902903e+00,
1.50043616573220273125e+00,
1.50061750457691012173e+00,
1.50033922411798670282e+00,
1.49975507424726495209e+00,
1.49919863421744259391e+00,
1.49898434567271454654e+00,
1.49923791396718475433e+00,
1.49981827674109680082e+00,
1.50040131121116515622e+00,
1.50066157193618132659e+00,
1.50045319895356210615e+00,
1.49990186128003188948e+00,
1.49933570124412440805e+00,
1.49910207733835854071e+00,
1.49935875904319892982e+00,
1.49997402047996564178e+00,
1.50059823556324478666e+00,
1.50086491674989730427e+00,
1.50061439409143893009e+00,
1.49998497857138524125e+00,
1.49933880870732050283e+00,
1.49904621154871575683e+00,
1.49926640264266608504e+00,
1.49984919099233082740e+00,
1.50042242497104916232e+00,
1.50062168667892081864e+00,
1.50031438735480038282e+00,
1.49967844231175750913e+00,
1.49909334578021558038e+00,
1.49890676180930948469e+00,
1.49922808883591218709e+00,
1.49986525075408261287e+00,
1.50043895061695176096e+00,
1.50061196531015061950e+00,
1.50028679259902375520e+00,
1.49966085351091615863e+00,
1.49911145463875006278e+00,
1.49897238252127040781e+00,
1.49933781770030205571e+00,
1.50000116812035733105e+00,
1.50057587838174799622e+00,
1.50071751570995703950e+00,
1.50032327271845500327e+00,
1.49960025643523997552e+00,
1.49895613685777373547e+00,
1.49877151140781705863e+00,
1.49917505995812039288e+00,
1.49996452929939616538e+00,
1.50070746250727027338e+00,
1.50098061465533394454e+00,
1.50061136407787620861e+00,
1.49977608828291186782e+00,
1.49891161755179957993e+00,
1.49846857021037016544e+00,
1.49866510793793850098e+00,
1.49936444752245434664e+00,
1.50015214462825174913e+00,
1.50057902442297130818e+00,
1.50041837265831379256e+00,
1.49979853306202515206e+00,
1.49911150338195886533e+00,
1.49878146389169941699e+00,
1.49900942018416438728e+00,
1.49965631259535459030e+00,
1.50033366803148138224e+00,
1.50063112341075344247e+00,
1.50037428519477433753e+00,
1.49972592255560188690e+00,
1.49909663053777153507e+00,
1.49889538161625313073e+00,
1.49927329637120498873e+00,
1.50003267489070957197e+00,
1.50073225383519281984e+00,
1.50095150916995057067e+00,
1.50053321981378462446e+00,
1.49967946606598157011e+00,
1.49884347556163288750e+00,
1.49846978717571044371e+00,
1.49874469421420863924e+00,
1.49948109145173402723e+00,
1.50022377929031613952e+00,
1.50051584222043610239e+00,
1.50015973563242122069e+00,
1.49933587421128167172e+00,
1.49849312915967836091e+00,
1.49809410989408764436e+00,
1.49834947110542104909e+00,
1.49909303578183483729e+00,
1.49988303865847294460e+00,
1.50025540082203390213e+00,
1.49999618736543949282e+00,
1.49926768270038013320e+00,
1.49851220104850924031e+00,
1.49819208535201786603e+00,
1.49851038585243556689e+00,
1.49929140575444819206e+00,
1.50007904566692995552e+00,
1.50040250232261285213e+00,
1.50005056653182666793e+00,
1.49919595193998356208e+00,
1.49830385719382230825e+00,
1.49786135743333548298e+00,
1.49809892672568012451e+00,
1.49885098945893657785e+00,
1.49965442866265785682e+00,
1.50002416277362926600e+00,
1.49973557447637295681e+00,
1.49896365013455179493e+00,
1.49817077069589044136e+00,
1.49783595399539404269e+00,
1.49816575897139103724e+00,
1.49897027249406544769e+00,
1.49977682545227009037e+00,
1.50010210713888225698e+00,
1.49974721908234531753e+00,
1.49891047403123400805e+00,
1.49807958538336483123e+00,
1.49774360950823282046e+00,
1.49810564110219690548e+00,
1.49896555085377558569e+00,
1.49982619845200071396e+00,
1.50018861733649422341e+00,
1.49983353215142400927e+00,
1.49895121236778083862e+00,
1.49803747209404658491e+00,
1.49760866311171247922e+00,
1.49791425731162974877e+00,
1.49878340267085152782e+00,
1.49972582272675558634e+00,
1.50021263880603017427e+00,
1.49998065747666831093e+00,
1.49919031860537743661e+00,
1.49832806011591457285e+00,
1.49792314459713504782e+00,
1.49823117512379400118e+00,
1.49908810056570018787e+00,
1.50000347517018961518e+00,
1.50044545367383519441e+00,
1.50015631292357864979e+00,
1.49930453054992973705e+00,
1.49838948728898224694e+00,
1.49793654955287180996e+00,
1.49819241370338196440e+00,
1.49898310771392417884e+00,
1.49981984449056304776e+00,
1.50019700861550409066e+00,
1.49988996128833029786e+00,
1.49909057587869010142e+00,
1.49828778360790115798e+00,
1.49797755403939136798e+00,
1.49837106829467581193e+00,
1.49926178803992238286e+00,
1.50014523104536712239e+00,
1.50051016754613586457e+00,
1.50014361301839427298e+00,
1.49925530706846732443e+00,
1.49835128311695897629e+00,
1.49794561446840446273e+00,
1.49825709894278014112e+00,
1.49908529279817948066e+00,
1.49992411156800864447e+00,
1.50025105930566882151e+00,
1.49983773505244766255e+00,
1.49889025708179923768e+00,
1.49794266645675033800e+00,
1.49754606421339553357e+00,
1.49794284351730455640e+00,
1.49892008200366944060e+00,
1.49992570188674445575e+00,
1.50038482558494479235e+00,
1.50003666758435239004e+00,
1.49909100361998204320e+00,
1.49811478708200618293e+00,
1.49770195784202830858e+00,
1.49811832253375931678e+00,
1.49913521103154767644e+00,
1.50015434053884555432e+00,
1.50056092858650469424e+00,
1.50008766171409813062e+00,
1.49897791242193689776e+00,
1.49784852565637138788e+00,
1.49733148302911467376e+00,
1.49770837270100076744e+00,
1.49874139803083061828e+00,
1.49981521546386353805e+00,
1.50029544736563913432e+00,
1.49990433616613016987e+00,
1.49888257202169317139e+00,
1.49784490284449267605e+00,
1.49741798488682187340e+00,
1.49786800542501130629e+00,
1.49894588205802370418e+00,
1.50002614945999868112e+00,
1.50047404908688597480e+00,
1.50001931027071511160e+00,
1.49891863758646248783e+00,
1.49781158306896422516e+00,
1.49734160154068729476e+00,
1.49778748267475636524e+00,
1.49889252295215102961e+00,
1.50001831316863154520e+00,
1.50051405895487355302e+00,
1.50008709469186696239e+00,
1.49898394359097686390e+00,
1.49784033327698939964e+00,
1.49732726743753508103e+00,
1.49775431224073662939e+00,
1.49888701520973044445e+00,
1.50008481628822654130e+00,
1.50066248995995588089e+00,
1.50030333511559832438e+00,
1.49922968709907999951e+00,
1.49808085905870935761e+00,
1.49754159085017213293e+00,
1.49793804152724252532e+00,
1.49904562063542412531e+00,
1.50020267620516145612e+00,
1.50071034910112044436e+00,
1.50024173274710914683e+00,
1.49904547964818912753e+00,
1.49780631804828523457e+00,
1.49723947420044134482e+00,
1.49768306112446847322e+00,
1.49889021663994337352e+00,
1.50017353130171304798e+00,
1.50079745749461479498e+00,
1.50040233399575972939e+00,
1.49922297858092856693e+00,
1.49794785036855548910e+00,
1.49732326724362274639e+00,
1.49771046794309281580e+00,
1.49887190890449151226e+00,
1.50011255368093654461e+00,
1.50068735286458365685e+00,
1.50024506195059248448e+00,
1.49903346888828825634e+00,
1.49776196880724188354e+00,
1.49718811363857207120e+00,
1.49766492717056265427e+00,
1.49892340535688139980e+00,
1.50022038025895287916e+00,
1.50077950448693253627e+00,
1.50025152649112403225e+00,
1.49892281278742611761e+00,
1.49755287590604679870e+00,
1.49692970031935224107e+00,
1.49741657200029476549e+00,
1.49874021711125737788e+00,
1.50014389536980408124e+00,
1.50082198514226083930e+00,
1.50038770835342138987e+00,
1.49910773367775873588e+00,
1.49774752083098827704e+00,
1.49712378218020969456e+00,
1.49762272798517304118e+00,
1.49896380231236547864e+00,
1.50036292240038982015e+00,
1.50098426739322055035e+00,
1.50043518015002552701e+00,
1.49900981026611601621e+00,
1.49753137604959984941e+00,
1.49687881732619088027e+00,
1.49746251250901751817e+00,
1.49897155831382056235e+00,
1.50053994861509454317e+00,
1.50124979623021514996e+00,
1.50067376241438021900e+00,
1.49913171955162249915e+00,
1.49750875227691504499e+00,
1.49674648039942392863e+00,
1.49730216493863577121e+00,
1.49888408696400476927e+00,
1.50061666947128058425e+00,
1.50154063467596254888e+00,
1.50116928232330959503e+00,
1.49976944817319979286e+00,
1.49820446017871922173e+00,
1.49742877189973033758e+00,
1.49792433602055341524e+00,
1.49941763034007280453e+00,
1.50103532031010211689e+00,
1.50181680909797887757e+00,
1.50127871341287644213e+00,
1.49970633452896939808e+00,
1.49800164189295514916e+00,
1.49715935039520431360e+00,
1.49768449840412953833e+00,
1.49928531175842572054e+00,
1.50103301917878906302e+00,
1.50190046434294166566e+00,
1.50136463072496795235e+00,
1.49972425321650559837e+00,
1.49792825410219210269e+00,
1.49702837611165540110e+00,
1.49756617309104744784e+00,
1.49924328019034525106e+00,
1.50108619492646866433e+00,
1.50200290484937037938e+00,
1.50142970430889488576e+00,
1.49967722841084660779e+00,
1.49775897201615904031e+00,
1.49680676440655258119e+00,
1.49739908856570691498e+00,
1.49921510422265424900e+00,
1.50121269042312044384e+00,
1.50222380130791499653e+00,
1.50164365132082844312e+00,
1.49978983770412854781e+00,
1.49773328848745035380e+00,
1.49667978411015045737e+00,
1.49726112896009388997e+00,
1.49916280766304410577e+00,
1.50128727435214370800e+00,
1.50238719753211258379e+00,
1.50179049068426273550e+00,
1.49980246469932154696e+00,
1.49755247442047734197e+00,
1.49634461090538595229e+00,
1.49690551814725991697e+00,
1.49894070339353358001e+00,
1.50128751446820674076e+00,
1.50258263304010619699e+00,
1.50205192568143153231e+00,
1.49998658215493874124e+00,
1.49758292690201266772e+00,
1.49625716350972681745e+00,
1.49681600004556436545e+00,
1.49896723480286553354e+00,
1.50148064357855592910e+00,
1.50288451587346583160e+00,
1.50233785351995186019e+00,
1.50013679895501472750e+00,
1.49755861320057470643e+00,
1.49612917161730751836e+00,
1.49671895708758029286e+00,
1.49902139842955195448e+00,
1.50170263738859088853e+00,
1.50317198461445933333e+00,
1.50251965798198239277e+00,
1.50007756921527390936e+00,
1.49726361882192238184e+00,
1.49576184930357958258e+00,
1.49652384359886858611e+00,
1.49916511954281683749e+00,
1.50214622337394221319e+00,
1.50365500558595122094e+00,
1.50269486083509096197e+00,
1.49974501816117999908e+00,
1.49654800924937192441e+00,
1.49512266990535658273e+00,
1.49653097702659199086e+00,
1.50014186974335794744e+00,
1.50386339497089305262e+00,
1.50527831791923483173e+00,
1.50308964162700275935e+00,
1.49803075311679578796e+00,
1.49268275244354087228e+00,
1.49019111350505784053e+00,
1.49251451791962463922e+00,
1.49916593414535181950e+00,
1.50719036497017100373e+00,
1.51251427549316441734e+00,
1.51201695104458466723e+00,
1.50528090655310875512e+00,
1.49505010242530600451e+00,
1.48605945631898017645e+00,
1.48276084788883899535e+00,
1.48704969744153903122e+00,
1.49718522737833570346e+00,
1.50850090181558083025e+00,
1.51561844491239194888e+00,
1.51508348386711544364e+00,
1.50708882589082682202e+00,
1.49542591014043235731e+00,
1.48564505413296243930e+00,
1.48235871494394388925e+00,
1.48700889687537585182e+00,
1.49721142538140483680e+00,
1.50799283602785494374e+00,
1.51425546207052441616e+00,
1.51324774399390826751e+00,
1.50580287024292092113e+00,
1.49578485576755637609e+00,
1.48808864298647147706e+00,
1.48622397291524377394e+00,
1.49069972940804351680e+00,
1.49895005768193434470e+00,
1.50676634497121098022e+00,
1.51045069099926321243e+00,
1.50858147700129774371e+00,
1.50254080945148538184e+00,
1.49562384163407080528e+00,
1.49127153745990104206e+00,
1.49135684626056930213e+00,
1.49538354308515986091e+00,
1.50092925432153778686e+00,
1.50502350079794533499e+00,
1.50571026262666340934e+00,
1.50297069763400870102e+00,
1.49858578732217151419e+00,
1.49506847537123999103e+00,
1.49428535385231420207e+00,
1.49651614612592354092e+00,
1.50039346230401671178e+00,
1.50371945011943508597e+00,
1.50467603190619736431e+00,
1.50277455394096404184e+00,
1.49907391956811175682e+00,
1.49557036917522623298e+00,
1.49413355159136740369e+00,
1.49553780044308792796e+00,
1.49908863053308460955e+00,
1.50301498676047318170e+00,
1.50537800815345690353e+00,
1.50503773300475840458e+00,
1.50218513990205515540e+00,
1.49821374329547274407e+00,
1.49501113196627244406e+00,
1.49403718994664957975e+00,
1.49565213401449126351e+00,
1.49898190454833346585e+00,
1.50238093389228710706e+00,
1.50422571437368146618e+00,
1.50366370725704623368e+00,
1.50097875706330863288e+00,
1.49742203729268030798e+00,
1.49462980650690147044e+00,
1.49388573822712800165e+00,
1.49557255132694066901e+00,
1.49902995713059716820e+00,
1.50285102335125486661e+00,
1.50548037457240480030e+00,
1.50583466520815889567e+00,
1.50371857080261439599e+00,
1.49987306463659919586e+00,
1.49568403911825487107e+00,
1.49267666893706674180e+00,
1.49197064109081423133e+00,
1.49389875628277857267e+00,
1.49788172143898212774e+00,
1.50260556855449722846e+00,
1.50642871681630285963e+00,
1.50791301175317160599e+00,
1.50633464936403704826e+00,
1.50200115527451916186e+00,
1.49626809463510879183e+00,
1.49117145505876780298e+00,
1.48874305114026372898e+00,
1.49021575183605814452e+00,
1.49540966972216993192e+00,
1.50260477658134705692e+00,
1.50903589261975246139e+00,
1.51192732384380446042e+00,
1.50968982373392934804e+00,
1.50275620026205558588e+00,
1.49364438251730446972e+00,
1.48608665284691787711e+00,
1.48350889389560047782e+00,
1.48745902218810810425e+00,
1.49672566761075365172e+00,
1.50763955116266346046e+00,
1.51552672702151003392e+00,
1.51676510340177750358e+00,
1.51050287845365804884e+00,
1.49921538653577313127e+00,
1.48774215372557105930e+00,
1.48115700045390807915e+00,
1.48242052966611548293e+00,
1.49091409344290326544e+00,
1.50264378384995889171e+00,
1.51207848191917504366e+00,
1.51479819533637671825e+00,
1.50966088291873701266e+00,
1.49938582152037658268e+00,
1.48922488592840407406e+00,
1.48432251388969760342e+00,
1.48709498156628705523e+00,
1.49596214933656113111e+00,
1.50612432369597026849e+00,
1.51204993226365491665e+00,
1.51040588319794322203e+00,
1.50190142252752178997e+00,
1.49102693647766604279e+00,
1.48376066636041392677e+00,
1.48438979860454134396e+00,
1.49311345807444895151e+00,
1.50573465385697313756e+00,
1.51568310215409374209e+00,
1.51741123763409690994e+00,
1.50941641724355735121e+00,
1.49526756584842135389e+00,
1.48198470081722777358e+00,
1.47651995158072102399e+00,
1.48212296109175656333e+00,
1.49648164815477868750e+00,
1.51268930365535902993e+00,
1.52261940556411845549e+00,
1.52105015974475810125e+00,
1.50842710152605596896e+00,
1.49078100999066154309e+00,
1.47678979826264122899e+00,
1.47341319693874095442e+00,
1.48234487794594738119e+00,
1.49912014198918708274e+00,
1.51535586593860260862e+00,
1.52300804202720807545e+00,
1.51844445582574016917e+00,
1.50426238007351265047e+00,
1.48790316115984522227e+00,
1.47778388921368897257e+00,
1.47895858917356526341e+00,
1.49053770502284654853e+00,
1.50622362423529998487e+00,
1.51763706244602802897e+00,
1.51871840469270380503e+00,
1.50888606401382507904e+00,
1.49331615378197346544e+00,
1.48023773411145231904e+00,
1.47663049543223023896e+00,
1.48459458319913117919e+00,
1.50024142518340375396e+00,
1.51567284289075332460e+00,
1.52302484241160529521e+00,
1.51846114139142618349e+00,
1.50410569587091580424e+00,
1.48693080454399084722e+00,
1.47523772311731482532e+00,
1.47454352246447562003e+00,
1.48493963825798758194e+00,
1.50121190964838557846e+00,
1.51554798536892132432e+00,
1.52140668886172081287e+00,
1.51657692587536940820e+00,
1.50397555566882701328e+00,
1.48993064752028603337e+00,
1.48092875879805130346e+00,
1.48054191610978636007e+00,
1.48800161747089543240e+00,
1.49899738433380469438e+00,
1.50810542046524020954e+00,
1.51149052588922594431e+00,
1.50853587012923306965e+00,
1.50168958707324939894e+00,
1.49483606059545848233e+00,
1.49117840260707090749e+00,
1.49176563316070276421e+00,
1.49533259673976393067e+00,
1.49935539312149934688e+00,
1.50160094086605200303e+00,
1.50127341827498761440e+00,
1.49919069698642881683e+00,
1.49702678182444004484e+00,
1.49617277452784369629e+00,
1.49692980899673910855e+00,
1.49847004229246083540e+00,
1.49951687560794155729e+00,
1.49926020312968311110e+00,
1.49791908215792601844e+00,
1.49660753160243809035e+00,
1.49657952262776272612e+00,
1.49833932428670313364e+00,
1.50118272930977725288e+00,
1.50348593599972280010e+00,
1.50361802798834487405e+00,
1.50094824679573535242e+00,
1.49636950148588865339e+00,
1.49198130357417646508e+00,
1.49006025155377375135e+00,
1.49184816013863552620e+00,
1.49679562717378611403e+00,
1.50270804535119251177e+00,
1.50675781586190593586e+00,
1.50687797558582259327e+00,
1.50283637744439069195e+00,
1.49642904906765950024e+00,
1.49068687255448462103e+00,
1.48844481927365746010e+00,
1.49096386565897587317e+00,
1.49726143464304084496e+00,
1.50449440030804160173e+00,
1.50924258925572862822e+00,
1.50909558020783207688e+00,
1.50382831008740636136e+00,
1.49558851852259411253e+00,
1.48800450879120815806e+00,
1.48458284056740108525e+00,
1.48709882183109787235e+00,
1.49473068726267355188e+00,
1.50432035986608680922e+00,
1.51171780997237137356e+00,
1.51361531408634286677e+00,
1.50906426356892020557e+00,
1.49996527003048996107e+00,
1.49026297882739888756e+00,
1.48420215163591140417e+00,
1.48439570091046024736e+00,
1.49062747362822500818e+00,
1.49994050487953445305e+00,
1.50801260878193899018e+00,
1.51119738031863692918e+00,
1.50823340472473965690e+00,
1.50082750533920505909e+00,
1.49277350134430197848e+00,
1.48805550198930913730e+00,
1.48886718957663011231e+00,
1.49452744987665564480e+00,
1.50188310494754873048e+00,
1.50696833657439022147e+00,
1.50710577350047891798e+00,
1.50233230979885323819e+00,
1.49538146493079637800e+00,
1.49021844019065974329e+00,
1.48986040235056504955e+00,
1.49467635365464235342e+00,
1.50209683231641744072e+00,
1.50794945674787972401e+00,
1.50874787409601429644e+00,
1.50368912702158952222e+00,
1.49525099047988785372e+00,
1.48796459330576169577e+00,
1.48598640047727958979e+00,
1.49075399417033804816e+00,
1.50003680333992162055e+00,
1.50899198159857506063e+00,
1.51271466605342408407e+00,
1.50894218219596276676e+00,
1.49940884668174190253e+00,
1.48904137798136315674e+00,
1.48337128473054424838e+00,
1.48551398459074923686e+00,
1.49439409546698653841e+00,
1.50523659815146748642e+00,
1.51212929432801490570e+00,
1.51129307939502766089e+00,
1.50324118029782183292e+00,
1.49259704071083598720e+00,
1.48558560205667067322e+00,
1.48652806583895924497e+00,
1.49527979690372925248e+00,
1.50709565333956674316e+00,
1.51511426772245894057e+00,
1.51417784657883358612e+00,
1.50389561319303033393e+00,
1.48918141336050591228e+00,
1.47783490798980388092e+00,
1.47637289154515727319e+00,
1.48634358216107553829e+00,
1.50319449855246078940e+00,
1.51842625709172462933e+00,
1.52399715734934915190e+00,
1.51666198042345934383e+00,
1.49987643692376693139e+00,
1.48214369714060256733e+00,
1.47259589672265001070e+00,
1.47613990673637807127e+00,
1.49078841159741615208e+00,
1.50867805960356249351e+00,
1.52026736222759017991e+00,
1.51948394326310620706e+00,
1.50702458494604463191e+00,
1.48997672358703292517e+00,
1.47794264972619715515e+00,
1.47773541372683525630e+00,
1.48957270690025200821e+00,
1.50688466824949074407e+00,
1.51989370237330079227e+00,
1.52104530355271272413e+00,
1.50928812281237423321e+00,
1.49082188879769361733e+00,
1.47580499889176675055e+00,
1.47278596180556453632e+00,
1.48389350784271534245e+00,
1.50346991341102875772e+00,
1.52098788159058417868e+00,
1.52671590049241667764e+00,
1.51709786494055842709e+00,
1.49686776440726565518e+00,
1.47668247096606752855e+00,
1.46747626193548064144e+00,
1.47453365045325046623e+00,
1.49452320771630797758e+00,
1.51713242096087785882e+00,
1.53050081017842187769e+00,
1.52754413971539082517e+00,
1.50977333284188897089e+00,
1.48653623729859862834e+00,
1.47004938413862018542e+00,
1.46889308382173311429e+00,
1.48344708052199081294e+00,
1.50572658526895875042e+00,
1.52370632391795868266e+00,
1.52779851240462405393e+00,
1.51598524626984332286e+00,
1.49483086713714241611e+00,
1.47586737642339227428e+00,
1.46933178704236300227e+00,
1.47865672198503661505e+00,
1.49868529334976496870e+00,
1.51852975541497370315e+00,
1.52749526332664209427e+00,
1.52083151713467068511e+00,
1.50221735414932466846e+00,
1.48168066175191626144e+00,
1.47013695111126252435e+00,
1.47355144246923019935e+00,
1.48986450594275288140e+00,
1.51027199325554684073e+00,
1.52408072485462731116e+00,
1.52442733912869488044e+00,
1.51177461841388582897e+00,
1.49336297893594438513e+00,
1.47904946236412326854e+00,
1.47591612133417049435e+00,
1.48461936293522800412e+00,
1.49941054457533162747e+00,
1.51167523500542100301e+00,
1.51490175611661159749e+00,
1.50823903022398364548e+00,
1.49667569289671575916e+00,
1.48784099588830032168e+00,
1.48733783771049932199e+00,
1.49536172003480305470e+00,
1.50658036080543933366e+00,
1.51334575625530054488e+00,
1.51038360890577627593e+00,
1.49819889074291423547e+00,
1.48316859173984316733e+00,
1.47412860649180066375e+00,
1.47730715097629228261e+00,
1.49247574330417420718e+00,
1.51256829110975998809e+00,
1.52716809689476318290e+00,
1.52805942912263770239e+00,
1.51385928005863501511e+00,
1.49113471606081926524e+00,
1.47126011231462960893e+00,
1.46458047333089247388e+00,
1.47492529742127520542e+00,
1.49742066215916636018e+00,
1.52082100605259529225e+00,
1.53322336618195609326e+00,
1.52820049646848787894e+00,
1.50814041054907610473e+00,
1.48305411589420477192e+00,
1.46544957603270775692e+00,
1.46396634850211215806e+00,
1.47904702193463233328e+00,
1.50286102246224495538e+00,
1.52345647969628394947e+00,
1.53089531952755297795e+00,
1.52219997665687434285e+00,
1.50258271835239876069e+00,
1.48245693415267054682e+00,
1.47189997728389232456e+00,
1.47551798695516112048e+00,
1.49037165304594232396e+00,
1.50789783143859890124e+00,
1.51868718010998393630e+00,
1.51747143975058240706e+00,
1.50569813911747640844e+00,
1.49043395575937509534e+00,
1.48031343783581759155e+00,
1.48082509682637453174e+00,
1.49144664201114962587e+00,
1.50611168709012432920e+00,
1.51663332267083150739e+00,
1.51716333801571368056e+00,
1.50729471276125970292e+00,
1.49218715021161352219e+00,
1.47974715884049023984e+00,
1.47643059314400870718e+00,
1.48391024143737548791e+00,
1.49832486464309955210e+00,
1.51240159878525881609e+00,
1.51926593723316005757e+00,
1.51590674064616814931e+00,
1.50452428973056306916e+00,
1.49117198836019881902e+00,
1.48250926910187463825e+00,
1.48242394103096031266e+00,
1.49024910018430678527e+00,
1.50139760274524958206e+00,
1.50995551652932236131e+00,
1.51177815307542884327e+00,
1.50648494593402593189e+00,
1.49738531394711915645e+00,
1.48952699462613469272e+00,
1.48698756826602740411e+00,
1.49084025705862743827e+00,
1.49879214245881908774e+00,
1.50654692682260793468e+00,
1.51009803829577604617e+00,
1.50772378262269413085e+00,
1.50071450109082582536e+00,
1.49256667387079899889e+00,
1.48716673680803146418e+00,
1.48694598210944262107e+00,
1.49187432096222050149e+00,
1.49967791826087348817e+00,
1.50700371447052305918e+00,
1.51090662168366729468e+00,
1.50997273154628519620e+00,
1.50468159459564621017e+00,
1.49703486027519572232e+00,
1.48971807635522912605e+00,
1.48521154148584821897e+00,
1.48508323045181622746e+00,
1.48957785216484062119e+00,
1.49751669826054700785e+00,
1.50649945843286792169e+00,
1.51348899987431195768e+00,
1.51572348682492785699e+00,
1.51178739391559768812e+00,
1.50242744295571228896e+00,
1.49066330756305531757e+00,
1.48094406746812401465e+00,
1.47746829682439329012e+00,
1.48230188253855565961e+00,
1.49412870948351939049e+00,
1.50839142319951635685e+00,
1.51898703103169574469e+00,
1.52092117373510227196e+00,
1.51275837558882697564e+00,
1.49761899504792816984e+00,
1.48208711588686248284e+00,
1.47334967800388860759e+00,
1.47580718551856548970e+00,
1.48880062790312406307e+00,
1.50664702499368297062e+00,
1.52112819247461161787e+00,
1.52534175425353679678e+00,
1.51707971402585095611e+00,
1.50004931767978710866e+00,
1.48224092996681200418e+00,
1.47215470706545925594e+00,
1.47467824706079442265e+00,
1.48864339301377546221e+00,
1.50731968023957985103e+00,
1.52164756081616348027e+00,
1.52466205477525829082e+00,
1.51492057933215384935e+00,
1.49722597033510451681e+00,
1.48026523190766168270e+00,
1.47232407008653232161e+00,
1.47720382663379812271e+00,
1.49236948897600596453e+00,
1.51025486189937585557e+00,
1.52204991208928275270e+00,
1.52207375948783907305e+00,
1.51054117557813083472e+00,
1.49335456010292277895e+00,
1.47907772530301007130e+00,
1.47463450866535050743e+00,
1.48191984621086447760e+00,
1.49698595817194024526e+00,
1.51216152980384066495e+00,
1.51998141252382934496e+00,
1.51690110893428875549e+00,
1.50493766032432008117e+00,
1.49045674486828971794e+00,
1.48081823348598806689e+00,
1.48062712515032202099e+00,
1.48951046086701488491e+00,
1.50250232217746981789e+00,
1.51274026148614004761e+00,
1.51504650009126184962e+00,
1.50851022114091382065e+00,
1.49680947141706055525e+00,
1.48617398264593369994e+00,
1.48211871314164289615e+00,
1.48667308430856492940e+00,
1.49746478817497408187e+00,
1.50906319394565380243e+00,
1.51578848579755454118e+00,
1.51452982719904305497e+00,
1.50616756015672126345e+00,
1.49495100914981304818e+00,
1.48627017697627050730e+00,
1.48400574481733338317e+00,
1.48878659693114356877e+00,
1.49793560445467055509e+00,
1.50697990262188463717e+00
