-7.79665570806314308718e-19,
-1.17311163406895980978e-05,
-1.66017178657055078427e-05,
-1.17475512944433536753e-05,
2.49274909100174274264e-18,
1.17651608153137328253e-05,
1.66515267283622549394e-05,
1.17839494745342402549e-05,
-4.24732820744709123625e-19,
-1.18039218483062238247e-05,
-1.67080187517804357189e-05,
-1.18250825178261320691e-05,
2.14878250479554182469e-18,
1.18474360693292227902e-05,
1.67712457664531031608e-05,
1.18709870941085992766e-05,
-6.56085249933738713763e-20,
-1.18957401885694864801e-05,
-1.68412597171278463886e-05,
-1.19216999542400120516e-05,
1.80283178088526727953e-18,
1.19488709978361195576e-05,
1.69181126644030039295e-05,
1.19772579312776570243e-05,
2.99450527467513845013e-19,
-1.20068653717396749467e-05,
-1.70018567863784258965e-05,
-1.20376979416736902041e-05,
1.45318312610294604131e-18,
1.20697602688671121971e-05,
1.70925443803616693953e-05,
1.21030569864698142715e-05,
6.72223461031302578982e-19,
-1.21375927330398599449e-05,
-1.71902278646306435933e-05,
-1.21733721525754699300e-05,
1.09808694781264772627e-18,
1.22103998945715497255e-05,
1.72949597802537344466e-05,
1.22486806140433523283e-05,
1.05452551807441141840e-18,
-1.22882189715941290612e-05,
-1.74067927929685576575e-05,
-1.23290196334302982388e-05,
7.35757652101799854324e-19,
1.23710872714263414438e-05,
1.75257796951203156477e-05,
1.24144265631564927236e-05,
-2.55083365439718887618e-18,
-1.24590421919570090644e-05,
-1.76519734076609342269e-05,
-1.25049388469521844671e-05,
3.64373434749314177212e-19,
1.25521212231137371216e-05,
1.77854269822101648043e-05,
1.26005940213037116249e-05,
-2.20457276619298248443e-18,
-1.26503619483311573445e-05,
-1.79261936031795737138e-05,
-1.27014297169864688277e-05,
-1.79239355903865464782e-20,
1.27538020461095312963e-05,
1.80743265899608857147e-05,
1.28074836606153552517e-05,
-1.84979359877929330756e-18,
-1.28624792915738398737e-05,
-1.82298793991797319881e-05,
-1.29187936762412860343e-05,
-4.13029342572428568990e-19,
1.29764315581257431948e-05,
1.83929056270159003842e-05,
1.30353976870241941534e-05,
-1.48463147442951653927e-18,
-1.30956968190969059019e-05,
-1.85634590115916634021e-05,
-1.31573337169105486862e-05,
-8.22874556325802135495e-19,
1.32203131494978999696e-05,
1.87415934354290851440e-05,
1.32846398924068605360e-05,
-1.10718496436241529147e-18,
-1.33503187277722981300e-05,
-1.89273629279778725614e-05,
-1.34173544443560206361e-05,
-1.24942847723342499430e-18,
1.34857518376310016469e-05,
1.91208216682149907217e-05,
1.35555157098122836125e-05,
-7.15515648849776139350e-19,
-1.36266508699382896163e-05,
-1.93220239873174108982e-05,
-1.36991621339200359881e-05,
2.72216040373139069985e-18,
1.37730543246197996432e-05,
1.95310243714092620347e-05,
1.38483322718942049534e-05,
-3.07647867219099045348e-19,
-1.39250008126698688720e-05,
-1.97478774643850965912e-05,
-1.40030647910053156538e-05,
2.35474904990954412604e-18,
1.40825290581638538760e-05,
1.99726380708102804328e-05,
1.41633984726661449967e-05,
1.18431542936801768230e-19,
-1.42456779003759671353e-05,
-2.02053611589003837880e-05,
-1.43293722145432443458e-05,
1.97171376709156312299e-18,
1.44144862959029902298e-05,
2.04461018635807658978e-05,
1.45010250327249694778e-05,
5.64773518061394327674e-19,
-1.45889933208968375415e-05,
-2.06949154896280575872e-05,
-1.46783960639801871095e-05,
1.57103477189537401419e-18,
1.47692381733039504308e-05,
2.09518575148951104626e-05,
1.48615245680273609674e-05,
1.03346705319684405972e-18,
-1.49552601752170435571e-05,
-2.12169835936207713768e-05,
-1.50504499299167133667e-05,
1.15065438716610802896e-18,
1.51470987752380743856e-05,
2.14903495598265624749e-05,
1.52452116624205826823e-05,
-3.39148493230746287127e-18,
-1.53447935509365208419e-05,
-2.17720114308013374695e-05,
-1.54458494085405527809e-05,
7.08476749589399740008e-19,
1.55483842113717166795e-05,
2.20620254106762790625e-05,
1.56524029440238388294e-05,
-3.00355385045828795658e-18,
-1.57579105996448160605e-05,
-2.23604478940913454317e-05,
-1.58649121799965755087e-05,
2.42367503658591502432e-19,
1.59734126955689937711e-05,
2.26673354699554121139e-05,
1.60834171656291400135e-05,
-2.59444607104533709241e-18,
-1.61949306183502384307e-05,
-2.29827449253017220357e-05,
-1.63079580908683178099e-05,
-2.49846518851574862869e-19,
1.64225046293937657700e-05,
2.33067332492403750258e-05,
1.65385752892750696849e-05,
-2.16202054337039365016e-18,
-1.66561751351221277399e-05,
-2.36393576370101675171e-05,
-1.67753092408778435444e-05,
-7.70377634790152007236e-19,
1.68959826899232869667e-05,
2.39806754941311376891e-05,
1.70182005751568679976e-05,
-1.70409726543331022711e-18,
-1.71419679991153133837e-05,
-2.43307444406603944195e-05,
-1.72672900740415851176e-05,
-1.32147766183917642175e-18,
1.73941719220222149717e-05,
2.46896223155527919752e-05,
1.75226186750436355773e-05,
-1.21845693832287286476e-18,
-1.76526354751261776489e-05,
-2.50573671811287238768e-05,
-1.77842274744040841042e-05,
3.83451532058277767764e-18,
1.79173998352568103357e-05,
2.54340373276512348355e-05,
1.80521577303810457278e-05,
-7.02840603594014871856e-19,
-1.81885063429185410931e-05,
-2.58196912780143515047e-05,
-1.83264508665527348032e-05,
3.39074060165969775626e-18,
1.84659965056334665308e-05,
2.62143877925451257102e-05,
1.86071484752616195593e-05,
-1.54949262627941693531e-19,
-1.87499120014310631749e-05,
-2.66181858739214535314e-05,
-1.88942923211007724404e-05,
2.91765174966606102972e-18,
1.90402946823547310749e-05,
2.70311447722081605119e-05,
1.91879243444828773103e-05,
4.27556523074144783172e-19,
-1.93371865781205526196e-05,
-2.74533239900135180131e-05,
-1.94880866653380534280e-05,
2.41294283939497272546e-18,
1.96406298997940524968e-05,
2.78847832877687724700e-05,
1.97948215868344612207e-05,
1.04705705176136078313e-18,
-1.99506670436247666675e-05,
-2.83255826891331100612e-05,
-2.01081715992578046620e-05,
1.87426733229602529159e-18,
2.02673405949049585553e-05,
2.87757824865266961486e-05,
2.04281793839108676729e-05,
1.70597392261592336188e-18,
-2.05906933319640265262e-05,
-2.92354432467940493717e-05,
-2.07548878171779508978e-05,
1.29923764385794519071e-18,
2.09207682302580263913e-05,
2.97046258170009115217e-05,
2.10883399746107858463e-05,
-4.40143555249150946395e-18,
-2.12576084665077119575e-05,
-3.01833913303670052172e-05,
-2.14285791351853226877e-05,
6.85424688795888457107e-19,
2.16012574230048708601e-05,
3.06718012123373864994e-05,
2.17756487855817978971e-05,
-3.87836026231153091330e-18,
-2.19517586919419504133e-05,
-3.11699171867955263679e-05,
-2.21295926246369189974e-05,
3.03574027945577483014e-20,
2.23091560799208275410e-05,
3.16778012824209435710e-05,
2.24904545678510962782e-05,
-3.31720715175694832464e-18,
-2.26734936124891682649e-05,
-3.21955158391941601427e-05,
-2.28582787520016722179e-05,
3.02157861186402071401e-18,
2.30448155388473220292e-05,
3.27231235150523305484e-05,
2.32331095398988149707e-05,
-2.71549793686931886092e-18,
-2.34231663366233005348e-05,
-3.32606872926986208631e-05,
-2.36149915252153171725e-05,
2.39864866515039237434e-18,
2.38085907167731648825e-05,
3.38082704865683161496e-05,
2.40039695374403935942e-05,
-2.07071163237139824725e-18,
-2.42011336285916083151e-05,
-3.43659367499551458131e-05,
-2.44000886469582670764e-05,
1.73136495377091672975e-18,
2.46008402648375524809e-05,
3.49337500823013641415e-05,
2.48033941702160283494e-05,
-1.38028400599003327987e-18,
-2.50077560669772678247e-05,
-3.55117748366545743629e-05,
-2.52139316750371584143e-05,
1.01714140842829612202e-18,
2.54219267305474101270e-05,
3.61000757272951112585e-05,
2.56317469860428172324e-05,
-6.41607004114887001236e-19,
-2.58433982106405210676e-05,
-3.66987178375378515749e-05,
-2.60568861901995673280e-05,
2.53347840082019502571e-19,
2.62722167275186882604e-05,
3.73077666277114270181e-05,
2.64893956424935966810e-05,
1.47971852772724775493e-19,
-2.67084287723400707368e-05,
-3.79272879433196103164e-05,
-2.69293219717340870367e-05,
-5.62690680348747401652e-19,
2.71520811130455915806e-05,
3.85573480233877745956e-05,
2.73767120864883703804e-05,
-3.42857929051237868743e-18,
-2.76032208003494225945e-05,
-3.91980135089993185255e-05,
-2.78316131811519838768e-05,
3.05947585829079493324e-18,
2.80618951738803492496e-05,
3.98493514520254250443e-05,
2.82940727421563337836e-05,
-2.67715738529952754570e-18,
-2.85281518684593893558e-05,
-4.05114293240528902662e-05,
-2.87641385543136871223e-05,
2.28128139571543420431e-18,
2.90020388205195879061e-05,
4.11843150255139799120e-05,
2.92418587073222864569e-05,
-1.87150251451747036232e-18,
-2.94836042746710679072e-05,
-4.18680768950228330292e-05,
-2.97272816023857057010e-05,
1.44747244444413250171e-18,
2.99728967904144949345e-05,
4.25627837189230886247e-05,
3.02204559590147923465e-05,
-1.00883994234521356138e-18,
-3.04699652490063638732e-05,
-4.32685047410510313605e-05,
-3.07214308219666833405e-05,
5.55250794911820319908e-19,
3.09748588604792554190e-05,
4.39853096727195214686e-05,
3.12302555683440321611e-05,
-8.63477937682132477815e-20,
-3.14876271708241638626e-05,
-4.47132687029269237228e-05,
-3.17469799148541658796e-05,
-3.98229290091401631330e-19,
3.20083200693170542568e-05,
4.54524525087967275270e-05,
3.22716539252324073703e-05,
-4.31100066196715398574e-18,
-3.25369877960465323104e-05,
-4.62029322662525405194e-05,
-3.28043280178325205110e-05,
3.87994733464840445149e-18,
3.30736809495754742363e-05,
4.69647796609338970307e-05,
3.33450529733886084026e-05,
-3.43341729570317174843e-18,
-3.36184504947933474332e-05,
-4.77380668993583633965e-05,
-3.38938799429480986931e-05,
2.97104620328164187658e-18,
3.41713477709421661454e-05,
4.85228667203351442900e-05,
3.44508604560029752678e-05,
-2.49246661781544347702e-18,
-3.47324244998232784919e-05,
-4.93192524066364784523e-05,
-3.50160464287658593501e-05,
1.99730797348680415397e-18,
3.53017327941895927255e-05,
5.01272977969321228541e-05,
3.55894901726713674853e-05,
-1.48519654894211151666e-18,
-3.58793251663268476922e-05,
-5.09470772979931730076e-05,
-3.61712444030500677333e-05,
9.55755437229918410426e-19,
3.64652545368287996259e-05,
5.17786658971714874693e-05,
3.67613622480021594546e-05,
-4.08604514942885757143e-19,
-3.70595742435746736349e-05,
-5.26221391751607270814e-05,
-3.73598972574713713559e-05,
-1.56639589457393403687e-19,
3.76623380508882868141e-05,
5.34775733190459275166e-05,
3.79669034125241464410e-05,
7.40363528154282320117e-19,
-3.82736001589465717394e-05,
-5.43450451356478731694e-05,
-3.85824351348384032411e-05,
4.88518506900749010576e-18,
3.88934152133584145694e-05,
5.52246320651693603661e-05,
3.92065472964070368391e-05,
-4.36401766019623887690e-18,
-3.95218383149815161832e-05,
-5.61164121951504581945e-05,
-3.98392952294612622119e-05,
3.82458111174712429238e-18,
4.01589250299574151222e-05,
5.70204642747397871610e-05,
4.04807347366139015361e-05,
-3.26648429716487253081e-18,
-4.08047313999739083871e-05,
-5.79368677292893237765e-05,
-4.11309221012559072411e-05,
2.68933271108112258165e-18,
4.14593139527602301108e-05,
5.88657026752805237740e-05,
4.17899140981427491895e-05,
-2.09272843293737675101e-18,
-4.21227297128207276052e-05,
-5.98070499355894414631e-05,
-4.24577680042674378085e-05,
1.47627008969997588856e-18,
4.27950362124124083574e-05,
6.07609910550988344385e-05,
4.31345416099577737821e-05,
-8.39552817581331355679e-19,
-4.34762915027724295087e-05,
-6.17276083166658662716e-05,
-4.38202932302308992480e-05,
1.82168222740930031670e-19,
4.41665541656062498634e-05,
6.27069847574535658074e-05,
4.45150817164067700259e-05,
4.96295659061098961845e-19,
-4.48658833248128427040e-05,
-6.36992041856352113512e-05,
-4.52189664679866475138e-05,
-1.19625440388580708034e-18,
4.55743386585281626006e-05,
6.47043511974799745489e-05,
4.59320074448031425720e-05,
-5.49559599142993827425e-18,
-4.62919804113934147652e-05,
-6.57225111948299205947e-05,
-4.66542651794484318018e-05,
4.86788089438136335565e-18,
4.70188694071297877018e-05,
6.67537704029773365380e-05,
4.73858007899871785397e-05,
-4.21889624918807554898e-18,
-4.77550670613965895289e-05,
-6.77982158889522539295e-05,
-4.81266759929560762480e-05,
3.54822154277284295573e-18,
4.85006353949447209734e-05,
6.88559355802303302025e-05,
4.88769531166895266944e-05,
-2.85543252486628602434e-18,
-4.92556370470728237298e-05,
-6.99270182838716055501e-05,
-4.96366951148974425720e-05,
2.14010116170127974814e-18,
5.00201352893937884673e-05,
7.10115537061003539035e-05,
5.04059655806111570845e-05,
-1.40179558846395873572e-18,
-5.07941940399189069692e-05,
-7.21096324723373037144e-05,
-5.11848287604243788241e-05,
6.40080060467713053704e-19,
5.15778778774680370881e-05,
7.32213461476958023992e-05,
5.19733495690690228195e-05,
1.45485096984401041076e-19,
-5.23712520564195973204e-05,
-7.43467872579527122578e-05,
-5.27715936043294414105e-05,
-9.55343540084413232142e-19,
5.31743825217731029857e-05,
7.54860493110067365830e-05,
5.35796271623032677807e-05,
1.78994295938794473523e-18,
-5.39873359246221474670e-05,
-7.66392268188363596842e-05,
-5.43975172530174847798e-05,
6.12928340155629404765e-18,
5.48101796379279988325e-05,
7.78064153199696116516e-05,
5.52253316164090567262e-05,
-5.37733706053060411749e-18,
-5.56429817726918304909e-05,
-7.89877114024792239405e-05,
-5.60631387386729702210e-05,
4.60089129750246036842e-18,
5.64858111944993685166e-05,
8.01832127275164708051e-05,
5.69110078690250974893e-05,
-3.79949289156837230803e-18,
-5.73387375404538595356e-05,
-8.13930180533970864783e-05,
-5.77690090367950027711e-05,
2.97268442713186339113e-18,
5.82018312365070627818e-05,
8.26172272602543691662e-05,
5.86372130689851250537e-05,
-2.12000423473766090334e-18,
-5.90751635151988305173e-05,
-8.38559413752732141180e-05,
-5.95156916082121962793e-05,
1.24098633030125128179e-18,
5.99588064338156580550e-05,
8.51092625985208238101e-05,
6.04045171310793588661e-05,
-3.35160352689375206250e-19,
-6.08528328929860588348e-05,
-8.63772943293892334158e-05,
-6.13037629669839902007e-05,
-5.97948500394222668220e-19,
6.17573166556828609050e-05,
8.76601411936663076161e-05,
6.22135033173723132937e-05,
1.55881953826485863129e-18,
-6.26723323667470385298e-05,
-8.89579090712507128446e-05,
-6.31338132754530247537e-05,
7.63981621322842924638e-18,
6.35979555728077383756e-05,
9.02707051245291066657e-05,
6.40647688463816494635e-05,
-6.77207100951721303176e-18,
-6.45342627427135205739e-05,
-9.15986378274322138966e-05,
-6.50064469679283342277e-05,
5.87682502606899823138e-18,
6.54813312884469167843e-05,
9.29418169951880040677e-05,
6.59589255316343997613e-05,
-4.95359279245050008543e-18,
-6.64392395865414346493e-05,
-9.43003538147913232320e-05,
-6.69222834045162792488e-05,
4.00188413176709046325e-18,
6.74080670000155098443e-05,
9.56743608762083031383e-05,
6.78966004512175712142e-05,
-3.02120408687446671850e-18,
-6.83878939008362264152e-05,
-9.70639522043358630088e-05,
-6.88819575567734091208e-05,
2.01105284456339059655e-18,
6.93788016929281604146e-05,
9.84692432917366191562e-05,
6.98784366498896372666e-05,
-9.70925657659943281508e-19,
-7.03808728357415227823e-05,
-9.98903511321708729347e-05,
-7.08861207267964105443e-05,
-9.96872350180170640391e-20,
7.13941908684033590482e-05,
1.01327394254946276863e-04,
7.19050938756844580007e-05,
1.20130069090940874712e-18,
-7.24188404344185479578e-05,
-1.02780492760108828083e-04,
-7.29354413017399344152e-05,
-2.33443474822659413509e-18,
7.34549073070586315071e-05,
1.04249768354497659236e-04,
7.39772493527944481921e-05,
-8.43642447833265682341e-18,
-7.45024784152935863222e-05,
-1.05735344388687926452e-04,
-7.50306055456072333283e-05,
7.40849027635499933015e-18,
7.55616418704046366320e-05,
1.07237345894846202539e-04,
7.60955985927972192694e-05,
-6.34931793339016005600e-18,
-7.66324869932479273583e-05,
-1.08755899625524179389e-04,
-7.71723184304339433195e-05,
5.25838030485780613502e-18,
7.77151043421954711979e-05,
1.10291134093416483622e-04,
7.82608562463594050525e-05,
-4.13514480885371178988e-18,
-7.88095857417723161297e-05,
-1.11843179612110550755e-04,
-7.93613045091285122714e-05,
2.97907333127248543674e-18,
7.99160243120097742468e-05,
1.13412168337855920482e-04,
8.04737569977625159670e-05,
-1.78962212827792610027e-18,
-8.10345144985350949139e-05,
-1.14998234312382158727e-04,
-8.15983088322059298570e-05,
5.66241726043109509839e-19,
8.21651521034182363021e-05,
1.16601513506795425343e-04,
8.27350565045602672279e-05,
6.91623182320237691148e-19,
-8.33080343168072313736e-05,
-1.18222143866584898913e-04,
-8.38840979111077545858e-05,
-1.98453384272613915157e-18,
8.44632597493179823958e-05,
1.19860265357770066842e-04,
8.50455323851480072010e-05,
-1.04073441425135775265e-17,
-8.56309284653423882479e-05,
-1.21516020014222951790e-04,
-8.62194607306714105735e-05,
9.23187990696116080243e-18,
8.68111420171114288053e-05,
1.23189551986198938920e-04,
8.74059852568925994831e-05,
-8.02167877536452838994e-18,
-8.80040034796782626300e-05,
-1.24881007590111318571e-04,
-8.86052098136607177827e-05,
6.77617138467236773075e-18,
8.92096174867906008352e-05,
1.26590535359586271692e-04,
8.98172398278311351263e-05,
-5.49478211149943051157e-18,
-9.04280902676886507927e-05,
-1.28318286097836082487e-04,
-9.10421823404761464430e-05,
4.17692895292462012648e-18,
9.16595296848554772374e-05,
1.30064412931389162317e-04,
9.22801460451619978004e-05,
-2.82202340388751053094e-18,
-9.29040452727483766042e-05,
-1.31829071365217474678e-04,
-9.35312413271717973473e-05,
1.42947033107979662683e-18,
9.41617482775401043720e-05,
1.33612419339303536720e-04,
9.47955803037631346015e-05,
1.33215677529949856486e-21,
-9.54327516979118598310e-05,
-1.35414617286688928818e-04,
-9.60732768654817397566e-05,
-1.47099284236638485868e-18,
9.67171703268631440670e-05,
1.37235828193050065542e-04,
9.73644467185629907931e-05,
2.98012753707450743307e-18,
-9.80151207947341354459e-05,
-1.39076217657847387918e-04,
-9.86692074284538893228e-05,
1.13872137922112687209e-17,
9.93267216132581384769e-05,
1.40935953957094678999e-04,
9.99876784644900505616e-05,
-1.00097893702940526458e-17,
-1.00652093220839289551e-04,
-1.42815208107799622873e-04,
-1.01319981245762564528e-04,
8.59322866328109160137e-18,
1.01991358029028482261e-04,
1.44714153934125371991e-04,
1.02666239188200207220e-04,
-7.13690621520713239888e-18,
-1.03344640470244526027e-04,
-1.46632968135327332922e-04,
-1.04026577752973836341e-04,
5.64018912395758690775e-18,
1.04712067046778945878e-04,
1.48571830355519272221e-04,
1.05401124496088977739e-04,
-4.10243688636405915774e-18,
-1.06093766381124972559e-04,
-1.50530923255326259339e-04,
-1.06790009119437937705e-04,
2.52300123875853040271e-18,
1.07489869267671638042e-04,
1.52510432585482966390e-04,
1.08193363523181120033e-04,
-9.01225992841913015190e-19,
-1.08900508725805599138e-04,
-1.54510547262438799028e-04,
-1.09611321859569383285e-04,
-7.63553133282400373971e-19,
1.10325820054478070608e-04,
1.56531459446033013221e-04,
1.11044020588241685514e-04,
2.47200868906480991020e-18,
-1.11765940888207526553e-04,
-1.58573364619305222411e-04,
-1.12491598533044704885e-04,
-4.22482167061604331810e-18,
1.13221011254753089591e-04,
1.60636461670509491382e-04,
1.13954196940422981354e-04,
-1.23577537730452906735e-17,
-1.14691173634258924887e-04,
-1.62720952977403032075e-04,
-1.15431959539429723760e-04,
1.07523523394954073516e-17,
1.16176573020107472322e-04,
1.64827044493881573689e-04,
1.16925032603410689936e-04,
-9.10296546228688424679e-18,
-1.17677356981459683700e-04,
-1.66954945839037951745e-04,
-1.18433565013401689023e-04,
7.40890050180701192000e-18,
1.19193675727550664587e-04,
1.69104870388722791814e-04,
1.19957708323376383204e-04,
-5.66945582536562480686e-18,
-1.20725682173797234809e-04,
-1.71277035369688060982e-04,
-1.21497616827201748517e-04,
3.88392060432595395989e-18,
1.22273532009776537315e-04,
1.73471661956399057693e-04,
1.23053447627629084600e-04,
-2.05157460509217426166e-18,
-1.23837383769138308044e-04,
-1.75688975370602145374e-04,
-1.24625360707182608611e-04,
1.71687973749133004243e-19,
1.25417398901513500818e-04,
1.77929204983739465418e-04,
1.26213519001091797368e-04,
1.75647898585805058942e-18,
-1.27013741846500663717e-04,
-1.80192584422306283304e-04,
-1.27818088472320535824e-04,
-3.73367604082489901763e-18,
1.28626580109712719720e-04,
1.82479351676247407606e-04,
1.29439238188763924495e-04,
5.76066326489782416968e-18,
-1.30256084341170882404e-04,
-1.84789749210496955043e-04,
-1.31077140402685929496e-04,
1.33022980202950860434e-17,
1.31902428415833067581e-04,
1.87124024079765897358e-04,
1.32731970632472481841e-04,
-1.14401520848027897157e-17,
-1.33565789516549183070e-04,
-1.89482428046688737566e-04,
-1.34403907746765051033e-04,
9.52862912863632764966e-18,
1.35246348219437658757e-04,
1.91865217703443102608e-04,
1.36093134051146322141e-04,
-7.56695479663651224753e-18,
-1.36944288581780171735e-04,
-1.94272654596961352009e-04,
-1.37799835377236027214e-04,
5.55434370521992283364e-18,
1.38659798232522332674e-04,
1.96705005357858885798e-04,
1.39524201174588138256e-04,
-3.48999917416020361487e-18,
-1.40393068465469590374e-04,
-1.99162541833206084649e-04,
-1.41266424605254303087e-04,
1.37311294993334263194e-18,
1.42144294335272219302e-04,
2.01645541223279461734e-04,
1.43026702641199708697e-04,
7.97135079668724352378e-19,
-1.43913674756313393968e-04,
-2.04154286222429936799e-04,
-1.44805236164656156699e-04,
-3.02157717996367938838e-18,
1.45701412604503521440e-04,
2.06689065164213271611e-04,
1.46602230071514103276e-04,
5.30105807316347390591e-18,
-1.47507714822330460083e-04,
-2.09250172170933777457e-04,
-1.48417893377863845637e-04,
1.62992702597884498576e-17,
1.49332792526951223548e-04,
2.11837907307757419796e-04,
1.50252439329795332325e-04,
-1.42028442762674981241e-17,
-1.51176861121680869643e-04,
-2.14452576741557655133e-04,
-1.52106085516574477236e-04,
1.20518471510703187088e-17,
1.53040140410902399419e-04,
2.17094492904664246964e-04,
1.53979053987299139205e-04,
-9.84541698019546458385e-18,
-1.54922854718536308826e-04,
-2.19763974663691297835e-04,
-1.55871571371267274297e-04,
7.58267847261388267384e-18,
1.56825233010199192483e-04,
2.22461347493629326907e-04,
1.57783869001924906836e-04,
-5.26274260294262086163e-18,
-1.58747509019185623763e-04,
-2.25186943657392890216e-04,
-1.59716183044881837247e-04,
2.88470625275344482159e-18,
1.60689921376413498563e-04,
2.27941102391024104194e-04,
1.61668754629875336586e-04,
-4.47651840097649984548e-19,
-1.62652713744478288459e-04,
-2.30724170094760727169e-04,
-1.63641829986935802115e-04,
-2.04935306318943202480e-18,
1.64636134955987940886e-04,
2.33536500530184853216e-04,
1.65635660586892203118e-04,
4.60725612685921744185e-18,
-1.66640439156223122558e-04,
-2.36378455023680198984e-04,
-1.67650503286379052833e-04,
-7.22702067077037637152e-18,
1.68665885950569958236e-04,
2.39250402676433987200e-04,
1.69686620477513716750e-04,
-1.74545389863578339932e-17,
-1.70712740556523684529e-04,
-2.42152720581229296800e-04,
-1.71744280242420267269e-04,
1.50397948578763972864e-17,
1.72781273960722974673e-04,
2.45085794046285079546e-04,
1.73823756512784063531e-04,
-1.25637198589909343551e-17,
-1.74871763081090611600e-04,
-2.48050016826413186055e-04,
-1.75925329234608035121e-04,
1.00253289584367445056e-17,
1.76984490934295886052e-04,
2.51045791361771718827e-04,
1.78049284538490861646e-04,
-7.42362021822139715641e-18,
-1.79119746808742332910e-04,
-2.54073529024506498172e-04,
-1.80195914915338956759e-04,
4.75757432353141196439e-18,
1.81277826443294583312e-04,
2.57133650373588527362e-04,
1.82365519398125020597e-04,
-2.02615409648818596295e-18,
-1.83459032211969060543e-04,
-2.60226585418162959830e-04,
-1.84558403749626346669e-04,
-7.71696006878088952035e-19,
1.85663673314819102416e-04,
2.63352773889746890820e-04,
1.86774880656499477289e-04,
3.63705041709618232128e-18,
-1.87892065975281250976e-04,
-2.66512665523620803990e-04,
-1.89015269929919296592e-04,
-6.57100298985251317729e-18,
1.90144533644109669590e-04,
2.69706720349780458557e-04,
1.91279898713044341739e-04,
-2.12704707181945483033e-17,
-1.92421407210482584525e-04,
-2.72935408993827766187e-04,
-1.93569101695580196012e-04,
1.85650083024111701581e-17,
1.94723025220135549217e-04,
2.76199212988201649784e-04,
1.95883221335725133186e-04,
-1.57915639342281464197e-17,
-1.97049734101131232339e-04,
-2.79498625094162615745e-04,
-1.98222608089774213680e-04,
1.29490169556734654577e-17,
1.99401888397442237765e-04,
2.82834149634968189981e-04,
2.00587620649828469576e-04,
-1.00362256261281456279e-17,
-2.01779851010687341726e-04,
-2.86206302840697076294e-04,
-2.02978626189598119643e-04,
7.05202649847923725772e-18,
2.04183993450356599279e-04,
2.89615613205196321348e-04,
2.05396000619090360372e-04,
-3.99523377274996139982e-18,
-2.06614696092872725600e-04,
-2.93062621855653851304e-04,
-2.07840128848203389974e-04,
8.64638626274695920703e-19,
2.09072348449855808725e-04,
2.96547882935321567652e-04,
2.10311405059736402983e-04,
2.34099148055756735742e-18,
-2.11557349446000504548e-04,
-3.00071963999934355951e-04,
-2.12810232992184861830e-04,
-5.62291352401454903381e-18,
2.14070107706820989468e-04,
3.03635446428403591931e-04,
2.15337026232733719840e-04,
8.98240966325929108526e-18,
-2.16611041857046979654e-04,
-3.07238925848386931414e-04,
-2.17892208520879105240e-04,
2.27147947709697480051e-17,
2.19180580829633710107e-04,
3.10883012577367070194e-04,
2.20476214063132719759e-04,
-1.96128188431207472016e-17,
-2.21779164186206641674e-04,
-3.14568332079902626165e-04,
-2.23089487859281853733e-04,
1.64339872000336005439e-17,
2.24407242449285319929e-04,
3.18295525441748665147e-04,
2.25732486040691688938e-04,
-1.31769827093141617879e-17,
-2.27065277446820762072e-04,
-3.22065249861575345850e-04,
-2.28405676221249046400e-04,
9.84046074578725131045e-18,
2.29753742669580802212e-04,
3.25878179161052624387e-04,
2.31109537861305474292e-04,
-6.42304831952118333588e-18,
-2.32473123641960217672e-04,
-3.29735004314108369472e-04,
-2.33844562645437462544e-04,
2.92334317041737741582e-18,
2.35223918306728165808e-04,
3.33636433996202204973e-04,
2.36611254874517638229e-04,
6.60087172114886741538e-19,
-2.38006637424529552413e-04,
-3.37583195154507703477e-04,
-2.39410131872613970647e-04,
1.49738297993804787420e-17,
2.40821804988531159479e-04,
3.41576033599935832610e-04,
2.42241724409633651938e-04,
-1.14468183201533207298e-17,
-2.43669958655096590772e-04,
-3.45615714621982212350e-04,
-2.45106577140220686147e-04,
7.83427788211167100012e-18,
2.46551650191130446339e-04,
3.49703023627432945872e-04,
2.48005249059710553439e-04,
-4.13469024603043014630e-18,
-2.49467445938880564345e-04,
-3.53838766804015069246e-04,
-2.50938313977993536063e-04,
3.46502880188412695396e-19,
2.52417927298911437105e-04,
3.58023771810136971164e-04,
2.53906361011893100341e-04,
-1.69394331592245497021e-17,
-2.55403691232301399000e-04,
-3.62258888491922735001e-04,
-2.56909995097206393481e-04,
1.32114270875277562532e-17,
2.58425350782668327137e-04,
3.66544989628811196565e-04,
2.59949837521102587734e-04,
-9.39286968802930523424e-18,
-2.61483535619166820689e-04,
-3.70882971709054370425e-04,
-2.63026526475907546088e-04,
5.48211098330904322564e-18,
2.64578892601371573178e-04,
3.75273755736525032895e-04,
2.66140717635359662190e-04,
-1.47746191062937729861e-18,
-2.67712086367006998726e-04,
-3.79718288070320011268e-04,
-2.69293084754177510648e-04,
-2.62280702781522325995e-18,
2.70883799943841610536e-04,
3.84217541298723140944e-04,
2.72484320292358636779e-04,
-1.51488320739808582930e-17,
-2.74094735386599171884e-04,
-3.88772515149181569806e-04,
-2.75715136065172040491e-04,
1.11124918517385795309e-17,
2.77345614440329530075e-04,
3.93384237436041246400e-04,
2.78986263920183127137e-04,
-6.97834190915764122238e-18,
-2.80637179231448018798e-04,
-3.98053765047879206176e-04,
-2.82298456442598994908e-04,
2.74453727393073904219e-18,
2.83970192987720347969e-04,
4.02782184976379720263e-04,
2.85652487690425866719e-04,
1.59081336552098559930e-18,
-2.87345440788863899263e-04,
-4.07570615388808924102e-04,
-2.89049153960671404481e-04,
1.72754528195042246055e-17,
2.90763730348962332311e-04,
4.12420206746258552911e-04,
2.92489274588465786569e-04,
-1.30085732376624802805e-17,
-2.94225892832532254229e-04,
-4.17332142969953931531e-04,
-2.95973692780513613406e-04,
8.63775692303684246496e-18,
2.97732783705841150702e-04,
4.22307642658059222574e-04,
2.99503276484692137691e-04,
-4.16098007649592304827e-18,
-3.01285283625299068252e-04,
-4.27347960355543203623e-04,
-3.03078919297727759127e-04,
-4.23834454147821833572e-19,
3.04884299364720570691e-04,
4.32454387879832396167e-04,
3.06701541412648318995e-04,
5.11881916306181238109e-18,
-3.08530764783719482856e-04,
-4.37628255705129831990e-04,
-3.10372090608414111842e-04,
1.50986342794875572259e-17,
3.12225641839024487846e-04,
4.42870934408451648757e-04,
3.14091543283666493024e-04,
-1.04766773361010645639e-17,
-3.15969921641223987913e-04,
-4.48183836180619593007e-04,
-3.17860905536998788329e-04,
5.74183219914502382666e-18,
3.19764625559247573847e-04,
4.53568416405637623613e-04,
3.21681214296301012847e-04,
-8.91807257920600162869e-19,
-3.23610806375030062975e-04,
-4.59026175312094505011e-04,
-3.25553538499522715239e-04,
-4.07575321909748839159e-18,
3.27509549491317652429e-04,
4.64558659700452529408e-04,
3.29478980329984635390e-04,
-1.74026946554969654409e-17,
-3.31461974195112780029e-04,
-4.70167464750327320031e-04,
-3.33458676508913956418e-04,
1.25137545329706513362e-17,
3.35469234980064238364e-04,
4.75854235912113359211e-04,
3.37493799648439440301e-04,
-7.50428111901077269363e-18,
-3.39532522930935452658e-04,
-4.81620670887583700401e-04,
-3.41585559668333531291e-04,
2.37173405155544769927e-18,
3.43653067173483705698e-04,
4.87468521704391942462e-04,
3.45735205280150634764e-04,
2.88650172642823095052e-18,
-3.47832136393683090565e-04,
-4.93399596889707308008e-04,
-3.49944025542236222641e-04,
1.99437793269584024617e-17,
3.52071040429788393710e-04,
4.99415763748559961809e-04,
3.54213351489992146325e-04,
-1.47704457420500107953e-17,
-3.56371131941656731166e-04,
-5.05518950752830136669e-04,
-3.58544557845374414415e-04,
9.46810181087472436689e-18,
3.60733808161613710673e-04,
5.11711150047202399140e-04,
3.62939064810258453682e-04,
-4.03391705773157042138e-18,
-3.65160512731590753289e-04,
-5.17994420078822666829e-04,
-3.67398339948619284678e-04,
-1.53502651352663345930e-18,
3.69652737631411074798e-04,
5.24370888357844774051e-04,
3.71923900162381181403e-04,
-2.27485516143818150868e-17,
-3.74212025203866786079e-04,
-5.30842754356532328837e-04,
-3.76517313766855691529e-04,
1.72716102850870322157e-17,
3.78839970281868152792e-04,
5.37412292555099853006e-04,
3.81180202671347104736e-04,
-1.16562115426586297125e-17,
-3.83538222424052537268e-04,
-5.44081855643034585299e-04,
-3.85914244671306820491e-04,
5.89918455502791691772e-18,
3.88308488265249978060e-04,
5.50853877885241626118e-04,
3.90721175858865462684e-04,
2.74470421691440909933e-21,
-3.93152533988637507140e-04,
-5.57730878662997383785e-04,
-3.95602793158599235629e-04,
-6.05295798639062921516e-18,
3.98072187927341460210e-04,
5.64715466200403507294e-04,
4.00560956996650328367e-04,
-2.00462632791621269335e-17,
-4.03069343303003306978e-04,
-5.71810341487776169038e-04,
-4.05597594111104225306e-04,
1.40953725164606906502e-17,
4.08145961110151049567e-04,
5.79018302414224892566e-04,
4.10714700512571410061e-04,
-7.99186698338209242923e-18,
-4.13304073155395450094e-04,
-5.86342248122556143099e-04,
-4.15914344604374145841e-04,
1.73205148540510547434e-18,
4.18545785261118159261e-04,
5.93785183600581889171e-04,
4.21198670472616894245e-04,
4.68789729590322799807e-18,
-4.23873280644501519709e-04,
-6.01350224523943877909e-04,
-4.26569901356664072430e-04,
2.31285373311553680870e-17,
4.29288823482701191458e-04,
6.09040602366686082032e-04,
4.32030343312174772413e-04,
-1.68170902501837000135e-17,
-4.34794762676622551824e-04,
-6.16859669797001157997e-04,
-4.37582389078894915327e-04,
1.03406233767172941794e-17,
4.40393535826172843276e-04,
6.24810906376901324492e-04,
4.43228522166820842077e-04,
-3.69493974414901069955e-18,
-4.46087673431039624661e-04,
-6.32897924585973424907e-04,
-4.48971321175382399610e-04,
-3.12431116109034959783e-18,
4.51879803331910949275e-04,
6.41124476190930189627e-04,
4.54813464360909246263e-04,
1.01216408362109982493e-17,
-4.57772655408748114451e-04,
-6.49494458984340361160e-04,
-4.60757734469728261455e-04,
1.98587741934952400390e-17,
4.63769066553099725946e-04,
6.58011923917753514118e-04,
4.66807023854686365272e-04,
-1.29795114461512968205e-17,
-4.69871985933705352007e-04,
-6.66681082656416564708e-04,
-4.72964339894823421195e-04,
5.91633454419215967450e-18,
4.76084480575633532153e-04,
6.75506315584943031922e-04,
4.79232810739498168388e-04,
1.33574147830283215152e-18,
-4.82409741274817240129e-04,
-6.84492180295666395422e-04,
-4.85615691399441772990e-04,
-8.78189656879817927469e-18,
4.88851088872178495687e-04,
6.93643420593972274274e-04,
4.92116370210004920593e-04,
-2.32652542108147321309e-17,
-4.95411980912531285833e-04,
-7.02964976057728714240e-04,
-4.98738375692972806148e-04,
1.59493892066862348867e-17,
5.02096018716525777786e-04,
7.12461992191009210740e-04,
5.05485383846102542989e-04,
-8.43275677294786458705e-18,
-5.08906954895688395761e-04,
-7.22139831215664121378e-04,
-5.12361225891757362388e-04,
7.09601722964052336413e-19,
5.15848701343144325215e-04,
7.32004083547990432382e-04,
5.19369896518913787969e-04,
7.22606951454647556631e-18,
-5.22925337735982557509e-04,
-7.42060580011790881655e-04,
-5.26515562655126886232e-04,
2.70907868347781302303e-17,
5.30141120587284330953e-04,
7.52315404843546093293e-04,
5.33802572809273642371e-04,
-1.92997742531855514924e-17,
-5.37500492890197406962e-04,
-7.62774909550298710337e-04,
-5.41235467028398095982e-04,
1.12885225372215777617e-17,
5.45008094399543232926e-04,
7.73445727686206639662e-04,
5.48818987516446398986e-04,
-3.05033242334477246944e-18,
-5.52668772600744748202e-04,
-7.84334790619612668046e-04,
-5.56558089966959846154e-04,
-5.42178984145080731759e-18,
5.60487594420090219118e-04,
7.95449344368975874188e-04,
5.64457955665879961352e-04,
-3.14017460574446574958e-17,
-5.68469858735955874129e-04,
-8.06796967593177596738e-04,
-5.72524004426895084807e-04,
2.30913447697051806041e-17,
5.76621109754968169323e-04,
8.18385590829611613353e-04,
5.80761908426404146674e-04,
-1.45380217054049879071e-17,
-5.84947151324201049076e-04,
-8.30223517082223877277e-04,
-5.89177607012138877460e-04,
5.73390803320159772814e-18,
5.93454062256560679021e-04,
8.42319443871322303535e-04,
5.97777322566499734989e-04,
3.32923310072082095039e-18,
-6.02148212753864488581e-04,
-8.54682486867708313127e-04,
-6.06567577512785879000e-04,
-1.26600288240460004159e-17,
6.11036282020994470955e-04,
8.67322205245549412121e-04,
6.15555212562273932307e-04,
-2.73993561519079114498e-17,
-6.20125277172406028613e-04,
-8.80248628901618098731e-04,
-6.24747406308506520595e-04,
1.82488409819816044990e-17,
6.29422553543578736784e-04,
8.93472287703189153169e-04,
6.34151696286624827134e-04,
-8.81940674117087810151e-18,
-6.38935836530396040513e-04,
-9.07004242943217076078e-04,
-6.43776001626839922479e-04,
-8.98747503121048053963e-19,
6.48673245092586201604e-04,
9.20856121199620171643e-04,
6.53628647444998611866e-04,
-1.54567512967211487505e-17,
-6.58643317070686101777e-04,
-9.35040150815817238013e-04,
-6.63718391127484448784e-04,
5.53772906401792127603e-18,
6.68855036482101403088e-04,
9.49569201242368081221e-04,
6.74054450684185169768e-04,
-2.25061204093637161210e-17,
-6.79317862979340577126e-04,
-9.64456825504988080229e-04,
-6.84646535362253244421e-04,
1.23814164574754790336e-17,
6.90041763672413787679e-04,
9.79717306092681757684e-04,
6.95504878733620482932e-04,
-1.93248139640442329224e-18,
-7.01037247540384081748e-04,
-9.95365704591731539214e-04,
-7.06640274492469576927e-04,
1.96635261959736977188e-17,
7.12315402680697745859e-04,
1.01141791542719836940e-03,
7.18064115225720486779e-04,
-8.99028492477544149574e-18,
-7.23887936673351176098e-04,
-1.02789072411407582906e-03,
-7.29788434448001106444e-04,
-2.03439213233714128299e-18,
7.35767220368264886904e-04,
1.04480187046585948178e-03,
7.41825952226913849091e-04,
-1.65155911110040029172e-17,
-7.47966335439031559766e-04,
-1.06217011725984037708e-03,
-7.54190124761297932612e-04,
5.24521683848651496288e-18,
7.60499126086714078744e-04,
1.08001532491674490967e-03,
7.66895198317732429936e-04,
6.40759180423989441914e-18,
-7.73380255322701185179e-04,
-1.09835853281842524796e-03,
-7.79956267979319667859e-04,
1.30244472838113551762e-17,
7.86625266310264311710e-04,
1.11722204796234738169e-03,
7.93389341715010809782e-04,
-1.10121072259772980814e-18,
-8.00250649304063495400e-04,
-1.13662954173695987352e-03,
-8.07211410340040870330e-04,
2.13467720630939419452e-17,
8.14273914792209120919e-04,
1.15660615569927478080e-03,
8.21440524009872815279e-04,
-9.14520119989520940635e-18,
-8.28713673522177719094e-04,
-1.17717861734703576650e-03,
-8.36095875970028633468e-04,
-3.49523367716446085781e-18,
8.43589724178717484393e-04,
1.19837536700486053422e-03,
8.51197894378325566229e-04,
-1.77733621943597884415e-17,
-8.58923149580737704811e-04,
-1.22022669708936716895e-03,
-8.66768343121832236277e-04,
4.82420250769085037034e-18,
8.74736422379013799089e-04,
1.24276490518555968873e-03,
8.82830432673354531005e-04,
-2.70411709079445770569e-17,
-8.91053521368027142031e-04,
-1.26602446255932583712e-03,
-8.99408942174006326153e-04,
1.37737617919816455234e-17,
9.07900059675959274393e-04,
1.29004219995310521335e-03,
9.16530354090692674952e-04,
3.22451176372818384275e-21,
-9.25303426273403877705e-04,
-1.31485751276876386938e-03,
-9.34223002985785097932e-04,
2.34166423471435108584e-17,
9.43292942442962084257e-04,
1.34051258803962532358e-03,
9.52517240155842858859e-04,
-9.28349219125693600450e-18,
-9.61900035088493108280e-04,
-1.36705265593984768777e-03,
-9.71445616149117546941e-04,
-5.41579197395764786258e-18,
9.81158429037280082133e-04,
1.39452626898272356339e-03,
9.91043083469474866964e-04,
-1.93243094886843500625e-17,
-1.00110436080810632185e-03,
-1.42298561253075841158e-03,
-1.01134722212006637754e-03,
4.22355249180989786868e-18,
1.02177681669404513826e-03,
1.45248685079242176831e-03,
1.03239849104635713142e-03,
1.15103017704459232597e-17,
-1.04321779844921335920e-03,
-1.48309051312901438169e-03,
-1.05424050901651721220e-03,
1.46861148787652656987e-17,
1.06547262038617996174e-03,
1.51486192625917780695e-03,
1.07692036903962663937e-03,
1.50394172801717520985e-18,
-1.08859024230453208144e-03,
-1.54787169885163057061e-03,
-1.10048899108818889168e-03,
2.60689392859978659994e-17,
1.11262364339480908544e-03,
1.58219626606731608894e-03,
1.12500151868283500278e-03,
-9.40456571560479803772e-18,
-1.13763024312497950177e-03,
-1.61791850288560672827e-03,
-1.15051776583635395786e-03,
-8.02179004956431423113e-18,
1.16367237614457700104e-03,
1.65512841656915857605e-03,
1.17710272197983092067e-03,
-2.13288513952913292750e-17,
-1.19081782947088850658e-03,
-1.69392393044258990180e-03,
-1.20482712384015720752e-03,
3.35625017604140511906e-18,
1.21914045169994292479e-03,
1.73441177334895490873e-03,
1.23376810485977938397e-03,
-3.44031683492433927894e-17,
-1.24872084576662647701e-03,
-1.77670849178963494684e-03,
-1.26400993470951309751e-03,
1.58610803759122109880e-17,
1.27964715893357471044e-03,
1.82094160495432683296e-03,
1.29564486382076154113e-03,
3.61742505072117838042e-18,
-1.31201598631178564282e-03,
-1.86725092674307311010e-03,
-1.32877409075822668603e-03,
2.96529849196172589862e-17,
1.34593340741438532646e-03,
1.91579008364314872827e-03,
1.36350887379764950866e-03,
-9.50790331751998888050e-18,
-1.38151617917115073983e-03,
-1.96672826316927071635e-03,
-1.39997181242546312949e-03,
1.66006582043471793616e-17,
1.41889311366806135546e-03,
2.02025223478772327640e-03,
1.43829832985835305223e-03,
-2.40831666217729728095e-17,
-1.45820667486462910920e-03,
-2.07656869418806899752e-03,
-1.47863839435728077268e-03,
2.06052593097584209867e-18,
1.49961483599988891491e-03,
2.13590699291430234294e-03,
1.52115852544879807257e-03,
-9.55277984318849386762e-18,
-1.54329324873063965240e-03,
-2.19852232934182817772e-03,
-1.56604414163038466352e-03,
1.74899080395285630951e-17,
1.58943778679673125044e-03,
2.26469949460665056704e-03,
1.61350231935255411519e-03,
6.76345613994991747677e-18,
-1.63826754189352994003e-03,
-2.33475728944693540837e-03,
-1.66376504986203376489e-03,
1.15869162491428657565e-18,
1.69002836840613946540e-03,
2.40905375646116018049e-03,
1.71709310196925838896e-03,
-9.59306248952642706131e-18,
-1.74499709801457679112e-03,
-2.48799240898652353551e-03,
-1.77378062646674390657e-03,
1.85884412809340162792e-17,
1.80348657666042706989e-03,
2.57202968533014504626e-03,
1.83416067382042940158e-03,
-2.82001151176098597611e-17,
-1.86585171737233771611e-03,
-2.66168391911471378247e-03,
-1.89861184369472532976e-03,
-3.35338816600147922742e-21,
1.93249681628945109077e-03,
2.75754619811760005865e-03,
1.96756634676607767773e-03,
-9.62870812086712105125e-18,
-2.00388445052763781301e-03,
-2.86029359231083002077e-03,
-2.04151984161418794880e-03,
1.99912325824448877238e-17,
2.08054637182823872962e-03,
2.97070537692858439860e-03,
2.12104352004539951221e-03,
1.18779981007969645722e-17,
-2.16309693853273306979e-03,
-3.08968307272662265350e-03,
-2.20679906417561464901e-03,
-1.54828311165456122214e-18,
2.25224980379320257468e-03,
3.21827539405991581642e-03,
2.29955730423476263288e-03,
-9.65967856697570988913e-18,
-2.34883881975163182065e-03,
-3.35770956668175832999e-03,
-2.40022169128790031217e-03,
2.18593663217314265025e-17,
2.45384445490866385381e-03,
3.50943099695551685366e-03,
2.50985809967871039208e-03,
-3.51848897374859434244e-17,
-2.56842749904238757189e-03,
-3.67515401154355466143e-03,
-2.62973304428000672836e-03,
-3.69220933119399862313e-18,
2.69397251412712649549e-03,
3.85692744773631374794e-03,
2.76136322137402563312e-03,
-9.68594066392277822352e-18,
-2.83214448553122544877e-03,
-4.05722042542053674269e-03,
-2.90658049084527433589e-03,
2.44896206450401041894e-17,
2.98496360159727566752e-03,
4.27903593698257273675e-03,
3.06761822238167235904e-03,
-9.69729709549448137336e-18,
-3.15490531082693835552e-03,
-4.52606338232074568301e-03,
-3.24722767513671833201e-03,
-6.85461432170794632132e-18,
3.34503622044482170142e-03,
4.80288657113429190426e-03,
3.44883734834301909633e-03,
-9.70746628959711510110e-18,
-3.55920176584311517137e-03,
-5.11527224222669586740e-03,
-3.67677502724906473189e-03,
2.84953859046225697006e-17,
3.80229022013918839876e-03,
5.47057797010617324895e-03,
3.93658332208105324335e-03,
-9.71644552369151780937e-18,
-4.08061190790275172408e-03,
-5.87834136340781559377e-03,
-4.23547809257221290202e-03,
-1.19712363057321242390e-17,
4.40245687240158663917e-03,
6.35115207855746488619e-03,
4.58303140695433004065e-03,
-9.72423239381959463642e-18,
-4.77893730909918507815e-03,
-6.90597879708539693494e-03,
-4.99221874574463670565e-03,
3.53823141381597702243e-17,
5.22530019459285961780e-03,
7.56625447568958203054e-03,
5.48107920286998711451e-03,
-9.73082481524792164347e-18,
-5.76304768720459562048e-03,
-8.36527859633782663873e-03,
-6.07545257400656912167e-03,
9.73367254364758568213e-18,
6.42351151654823281090e-03,
9.35202100467594742150e-03,
6.81370705461954630916e-03,
-9.73622102302587106806e-18,
-7.25419464243756695332e-03,
-1.06015688191610935737e-02,
-7.75537951569032352195e-03,
9.73847008280753217675e-18,
8.33074994393399707870e-03,
1.22352166409317713452e-02,
8.99811044414022993820e-03,
-9.74041957245813284337e-18,
-9.78145841000774805829e-03,
-1.44624733562614248700e-02,
-1.07139331008800388345e-02,
9.74206936149410896152e-18,
1.18426271499800523507e-02,
1.76790780089476351478e-02,
1.32367944313981043825e-02,
-9.74341933949150450151e-18,
-1.50026242206707741828e-02,
-2.27330428825082697664e-02,
-1.73116530420472751473e-02,
9.74446941609337016279e-18,
2.04601712582288923492e-02,
3.18291999796440489012e-02,
2.50078384464268339837e-02,
-9.74521952101581079401e-18,
-3.21539251333773437591e-02,
-5.30519334195438743706e-02,
-4.50165346943915897771e-02,
9.74566960405267233610e-18,
7.50287128486067794730e-02,
1.59160700602832605455e-01,
2.25087871097246983165e-01,
2.50010006069440904319e-01,
2.25087871097246983165e-01,
1.59160700602832605455e-01,
7.50287128486067794730e-02,
9.74566960405267233610e-18,
-4.50165346943915897771e-02,
-5.30519334195438743706e-02,
-3.21539251333773437591e-02,
-9.74521952101581079401e-18,
2.50078384464268339837e-02,
3.18291999796440489012e-02,
2.04601712582288923492e-02,
9.74446941609337016279e-18,
-1.73116530420472751473e-02,
-2.27330428825082697664e-02,
-1.50026242206707741828e-02,
-9.74341933949150450151e-18,
1.32367944313981043825e-02,
1.76790780089476351478e-02,
1.18426271499800523507e-02,
9.74206936149410896152e-18,
-1.07139331008800388345e-02,
-1.44624733562614248700e-02,
-9.78145841000774805829e-03,
-9.74041957245813284337e-18,
8.99811044414022993820e-03,
1.22352166409317713452e-02,
8.33074994393399707870e-03,
9.73847008280753217675e-18,
-7.75537951569032352195e-03,
-1.06015688191610935737e-02,
-7.25419464243756695332e-03,
-9.73622102302587106806e-18,
6.81370705461954630916e-03,
9.35202100467594742150e-03,
6.42351151654823281090e-03,
9.73367254364758568213e-18,
-6.07545257400656912167e-03,
-8.36527859633782663873e-03,
-5.76304768720459562048e-03,
-9.73082481524792164347e-18,
5.48107920286998711451e-03,
7.56625447568958203054e-03,
5.22530019459285961780e-03,
3.53823141381597702243e-17,
-4.99221874574463670565e-03,
-6.90597879708539693494e-03,
-4.77893730909918507815e-03,
-9.72423239381959463642e-18,
4.58303140695433004065e-03,
6.35115207855746488619e-03,
4.40245687240158663917e-03,
-1.19712363057321242390e-17,
-4.23547809257221290202e-03,
-5.87834136340781559377e-03,
-4.08061190790275172408e-03,
-9.71644552369151780937e-18,
3.93658332208105324335e-03,
5.47057797010617324895e-03,
3.80229022013918839876e-03,
2.84953859046225697006e-17,
-3.67677502724906473189e-03,
-5.11527224222669586740e-03,
-3.55920176584311517137e-03,
-9.70746628959711510110e-18,
3.44883734834301909633e-03,
4.80288657113429190426e-03,
3.34503622044482170142e-03,
-6.85461432170794632132e-18,
-3.24722767513671833201e-03,
-4.52606338232074568301e-03,
-3.15490531082693835552e-03,
-9.69729709549448137336e-18,
3.06761822238167235904e-03,
4.27903593698257273675e-03,
2.98496360159727566752e-03,
2.44896206450401041894e-17,
-2.90658049084527433589e-03,
-4.05722042542053674269e-03,
-2.83214448553122544877e-03,
-9.68594066392277822352e-18,
2.76136322137402563312e-03,
3.85692744773631374794e-03,
2.69397251412712649549e-03,
-3.69220933119399862313e-18,
-2.62973304428000672836e-03,
-3.67515401154355466143e-03,
-2.56842749904238757189e-03,
-3.51848897374859434244e-17,
2.50985809967871039208e-03,
3.50943099695551685366e-03,
2.45384445490866385381e-03,
2.18593663217314265025e-17,
-2.40022169128790031217e-03,
-3.35770956668175832999e-03,
-2.34883881975163182065e-03,
-9.65967856697570988913e-18,
2.29955730423476263288e-03,
3.21827539405991581642e-03,
2.25224980379320257468e-03,
-1.54828311165456122214e-18,
-2.20679906417561464901e-03,
-3.08968307272662265350e-03,
-2.16309693853273306979e-03,
1.18779981007969645722e-17,
2.12104352004539951221e-03,
2.97070537692858439860e-03,
2.08054637182823872962e-03,
1.99912325824448877238e-17,
-2.04151984161418794880e-03,
-2.86029359231083002077e-03,
-2.00388445052763781301e-03,
-9.62870812086712105125e-18,
1.96756634676607767773e-03,
2.75754619811760005865e-03,
1.93249681628945109077e-03,
-3.35338816600147922742e-21,
-1.89861184369472532976e-03,
-2.66168391911471378247e-03,
-1.86585171737233771611e-03,
-2.82001151176098597611e-17,
1.83416067382042940158e-03,
2.57202968533014504626e-03,
1.80348657666042706989e-03,
1.85884412809340162792e-17,
-1.77378062646674390657e-03,
-2.48799240898652353551e-03,
-1.74499709801457679112e-03,
-9.59306248952642706131e-18,
1.71709310196925838896e-03,
2.40905375646116018049e-03,
1.69002836840613946540e-03,
1.15869162491428657565e-18,
-1.66376504986203376489e-03,
-2.33475728944693540837e-03,
-1.63826754189352994003e-03,
6.76345613994991747677e-18,
1.61350231935255411519e-03,
2.26469949460665056704e-03,
1.58943778679673125044e-03,
1.74899080395285630951e-17,
-1.56604414163038466352e-03,
-2.19852232934182817772e-03,
-1.54329324873063965240e-03,
-9.55277984318849386762e-18,
1.52115852544879807257e-03,
2.13590699291430234294e-03,
1.49961483599988891491e-03,
2.06052593097584209867e-18,
-1.47863839435728077268e-03,
-2.07656869418806899752e-03,
-1.45820667486462910920e-03,
-2.40831666217729728095e-17,
1.43829832985835305223e-03,
2.02025223478772327640e-03,
1.41889311366806135546e-03,
1.66006582043471793616e-17,
-1.39997181242546312949e-03,
-1.96672826316927071635e-03,
-1.38151617917115073983e-03,
-9.50790331751998888050e-18,
1.36350887379764950866e-03,
1.91579008364314872827e-03,
1.34593340741438532646e-03,
2.96529849196172589862e-17,
-1.32877409075822668603e-03,
-1.86725092674307311010e-03,
-1.31201598631178564282e-03,
3.61742505072117838042e-18,
1.29564486382076154113e-03,
1.82094160495432683296e-03,
1.27964715893357471044e-03,
1.58610803759122109880e-17,
-1.26400993470951309751e-03,
-1.77670849178963494684e-03,
-1.24872084576662647701e-03,
-3.44031683492433927894e-17,
1.23376810485977938397e-03,
1.73441177334895490873e-03,
1.21914045169994292479e-03,
3.35625017604140511906e-18,
-1.20482712384015720752e-03,
-1.69392393044258990180e-03,
-1.19081782947088850658e-03,
-2.13288513952913292750e-17,
1.17710272197983092067e-03,
1.65512841656915857605e-03,
1.16367237614457700104e-03,
-8.02179004956431423113e-18,
-1.15051776583635395786e-03,
-1.61791850288560672827e-03,
-1.13763024312497950177e-03,
-9.40456571560479803772e-18,
1.12500151868283500278e-03,
1.58219626606731608894e-03,
1.11262364339480908544e-03,
2.60689392859978659994e-17,
-1.10048899108818889168e-03,
-1.54787169885163057061e-03,
-1.08859024230453208144e-03,
1.50394172801717520985e-18,
1.07692036903962663937e-03,
1.51486192625917780695e-03,
1.06547262038617996174e-03,
1.46861148787652656987e-17,
-1.05424050901651721220e-03,
-1.48309051312901438169e-03,
-1.04321779844921335920e-03,
1.15103017704459232597e-17,
1.03239849104635713142e-03,
1.45248685079242176831e-03,
1.02177681669404513826e-03,
4.22355249180989786868e-18,
-1.01134722212006637754e-03,
-1.42298561253075841158e-03,
-1.00110436080810632185e-03,
-1.93243094886843500625e-17,
9.91043083469474866964e-04,
1.39452626898272356339e-03,
9.81158429037280082133e-04,
-5.41579197395764786258e-18,
-9.71445616149117546941e-04,
-1.36705265593984768777e-03,
-9.61900035088493108280e-04,
-9.28349219125693600450e-18,
9.52517240155842858859e-04,
1.34051258803962532358e-03,
9.43292942442962084257e-04,
2.34166423471435108584e-17,
-9.34223002985785097932e-04,
-1.31485751276876386938e-03,
-9.25303426273403877705e-04,
3.22451176372818384275e-21,
9.16530354090692674952e-04,
1.29004219995310521335e-03,
9.07900059675959274393e-04,
1.37737617919816455234e-17,
-8.99408942174006326153e-04,
-1.26602446255932583712e-03,
-8.91053521368027142031e-04,
-2.70411709079445770569e-17,
8.82830432673354531005e-04,
1.24276490518555968873e-03,
8.74736422379013799089e-04,
4.82420250769085037034e-18,
-8.66768343121832236277e-04,
-1.22022669708936716895e-03,
-8.58923149580737704811e-04,
-1.77733621943597884415e-17,
8.51197894378325566229e-04,
1.19837536700486053422e-03,
8.43589724178717484393e-04,
-3.49523367716446085781e-18,
-8.36095875970028633468e-04,
-1.17717861734703576650e-03,
-8.28713673522177719094e-04,
-9.14520119989520940635e-18,
8.21440524009872815279e-04,
1.15660615569927478080e-03,
8.14273914792209120919e-04,
2.13467720630939419452e-17,
-8.07211410340040870330e-04,
-1.13662954173695987352e-03,
-8.00250649304063495400e-04,
-1.10121072259772980814e-18,
7.93389341715010809782e-04,
1.11722204796234738169e-03,
7.86625266310264311710e-04,
1.30244472838113551762e-17,
-7.79956267979319667859e-04,
-1.09835853281842524796e-03,
-7.73380255322701185179e-04,
6.40759180423989441914e-18,
7.66895198317732429936e-04,
1.08001532491674490967e-03,
7.60499126086714078744e-04,
5.24521683848651496288e-18,
-7.54190124761297932612e-04,
-1.06217011725984037708e-03,
-7.47966335439031559766e-04,
-1.65155911110040029172e-17,
7.41825952226913849091e-04,
1.04480187046585948178e-03,
7.35767220368264886904e-04,
-2.03439213233714128299e-18,
-7.29788434448001106444e-04,
-1.02789072411407582906e-03,
-7.23887936673351176098e-04,
-8.99028492477544149574e-18,
7.18064115225720486779e-04,
1.01141791542719836940e-03,
7.12315402680697745859e-04,
1.96635261959736977188e-17,
-7.06640274492469576927e-04,
-9.95365704591731539214e-04,
-7.01037247540384081748e-04,
-1.93248139640442329224e-18,
6.95504878733620482932e-04,
9.79717306092681757684e-04,
6.90041763672413787679e-04,
1.23814164574754790336e-17,
-6.84646535362253244421e-04,
-9.64456825504988080229e-04,
-6.79317862979340577126e-04,
-2.25061204093637161210e-17,
6.74054450684185169768e-04,
9.49569201242368081221e-04,
6.68855036482101403088e-04,
5.53772906401792127603e-18,
-6.63718391127484448784e-04,
-9.35040150815817238013e-04,
-6.58643317070686101777e-04,
-1.54567512967211487505e-17,
6.53628647444998611866e-04,
9.20856121199620171643e-04,
6.48673245092586201604e-04,
-8.98747503121048053963e-19,
-6.43776001626839922479e-04,
-9.07004242943217076078e-04,
-6.38935836530396040513e-04,
-8.81940674117087810151e-18,
6.34151696286624827134e-04,
8.93472287703189153169e-04,
6.29422553543578736784e-04,
1.82488409819816044990e-17,
-6.24747406308506520595e-04,
-8.80248628901618098731e-04,
-6.20125277172406028613e-04,
-2.73993561519079114498e-17,
6.15555212562273932307e-04,
8.67322205245549412121e-04,
6.11036282020994470955e-04,
-1.26600288240460004159e-17,
-6.06567577512785879000e-04,
-8.54682486867708313127e-04,
-6.02148212753864488581e-04,
3.32923310072082095039e-18,
5.97777322566499734989e-04,
8.42319443871322303535e-04,
5.93454062256560679021e-04,
5.73390803320159772814e-18,
-5.89177607012138877460e-04,
-8.30223517082223877277e-04,
-5.84947151324201049076e-04,
-1.45380217054049879071e-17,
5.80761908426404146674e-04,
8.18385590829611613353e-04,
5.76621109754968169323e-04,
2.30913447697051806041e-17,
-5.72524004426895084807e-04,
-8.06796967593177596738e-04,
-5.68469858735955874129e-04,
-3.14017460574446574958e-17,
5.64457955665879961352e-04,
7.95449344368975874188e-04,
5.60487594420090219118e-04,
-5.42178984145080731759e-18,
-5.56558089966959846154e-04,
-7.84334790619612668046e-04,
-5.52668772600744748202e-04,
-3.05033242334477246944e-18,
5.48818987516446398986e-04,
7.73445727686206639662e-04,
5.45008094399543232926e-04,
1.12885225372215777617e-17,
-5.41235467028398095982e-04,
-7.62774909550298710337e-04,
-5.37500492890197406962e-04,
-1.92997742531855514924e-17,
5.33802572809273642371e-04,
7.52315404843546093293e-04,
5.30141120587284330953e-04,
2.70907868347781302303e-17,
-5.26515562655126886232e-04,
-7.42060580011790881655e-04,
-5.22925337735982557509e-04,
7.22606951454647556631e-18,
5.19369896518913787969e-04,
7.32004083547990432382e-04,
5.15848701343144325215e-04,
7.09601722964052336413e-19,
-5.12361225891757362388e-04,
-7.22139831215664121378e-04,
-5.08906954895688395761e-04,
-8.43275677294786458705e-18,
5.05485383846102542989e-04,
7.12461992191009210740e-04,
5.02096018716525777786e-04,
1.59493892066862348867e-17,
-4.98738375692972806148e-04,
-7.02964976057728714240e-04,
-4.95411980912531285833e-04,
-2.32652542108147321309e-17,
4.92116370210004920593e-04,
6.93643420593972274274e-04,
4.88851088872178495687e-04,
-8.78189656879817927469e-18,
-4.85615691399441772990e-04,
-6.84492180295666395422e-04,
-4.82409741274817240129e-04,
1.33574147830283215152e-18,
4.79232810739498168388e-04,
6.75506315584943031922e-04,
4.76084480575633532153e-04,
5.91633454419215967450e-18,
-4.72964339894823421195e-04,
-6.66681082656416564708e-04,
-4.69871985933705352007e-04,
-1.29795114461512968205e-17,
4.66807023854686365272e-04,
6.58011923917753514118e-04,
4.63769066553099725946e-04,
1.98587741934952400390e-17,
-4.60757734469728261455e-04,
-6.49494458984340361160e-04,
-4.57772655408748114451e-04,
1.01216408362109982493e-17,
4.54813464360909246263e-04,
6.41124476190930189627e-04,
4.51879803331910949275e-04,
-3.12431116109034959783e-18,
-4.48971321175382399610e-04,
-6.32897924585973424907e-04,
-4.46087673431039624661e-04,
-3.69493974414901069955e-18,
4.43228522166820842077e-04,
6.24810906376901324492e-04,
4.40393535826172843276e-04,
1.03406233767172941794e-17,
-4.37582389078894915327e-04,
-6.16859669797001157997e-04,
-4.34794762676622551824e-04,
-1.68170902501837000135e-17,
4.32030343312174772413e-04,
6.09040602366686082032e-04,
4.29288823482701191458e-04,
2.31285373311553680870e-17,
-4.26569901356664072430e-04,
-6.01350224523943877909e-04,
-4.23873280644501519709e-04,
4.68789729590322799807e-18,
4.21198670472616894245e-04,
5.93785183600581889171e-04,
4.18545785261118159261e-04,
1.73205148540510547434e-18,
-4.15914344604374145841e-04,
-5.86342248122556143099e-04,
-4.13304073155395450094e-04,
-7.99186698338209242923e-18,
4.10714700512571410061e-04,
5.79018302414224892566e-04,
4.08145961110151049567e-04,
1.40953725164606906502e-17,
-4.05597594111104225306e-04,
-5.71810341487776169038e-04,
-4.03069343303003306978e-04,
-2.00462632791621269335e-17,
4.00560956996650328367e-04,
5.64715466200403507294e-04,
3.98072187927341460210e-04,
-6.05295798639062921516e-18,
-3.95602793158599235629e-04,
-5.57730878662997383785e-04,
-3.93152533988637507140e-04,
2.74470421691440909933e-21,
3.90721175858865462684e-04,
5.50853877885241626118e-04,
3.88308488265249978060e-04,
5.89918455502791691772e-18,
-3.85914244671306820491e-04,
-5.44081855643034585299e-04,
-3.83538222424052537268e-04,
-1.16562115426586297125e-17,
3.81180202671347104736e-04,
5.37412292555099853006e-04,
3.78839970281868152792e-04,
1.72716102850870322157e-17,
-3.76517313766855691529e-04,
-5.30842754356532328837e-04,
-3.74212025203866786079e-04,
-2.27485516143818150868e-17,
3.71923900162381181403e-04,
5.24370888357844774051e-04,
3.69652737631411074798e-04,
-1.53502651352663345930e-18,
-3.67398339948619284678e-04,
-5.17994420078822666829e-04,
-3.65160512731590753289e-04,
-4.03391705773157042138e-18,
3.62939064810258453682e-04,
5.11711150047202399140e-04,
3.60733808161613710673e-04,
9.46810181087472436689e-18,
-3.58544557845374414415e-04,
-5.05518950752830136669e-04,
-3.56371131941656731166e-04,
-1.47704457420500107953e-17,
3.54213351489992146325e-04,
4.99415763748559961809e-04,
3.52071040429788393710e-04,
1.99437793269584024617e-17,
-3.49944025542236222641e-04,
-4.93399596889707308008e-04,
-3.47832136393683090565e-04,
2.88650172642823095052e-18,
3.45735205280150634764e-04,
4.87468521704391942462e-04,
3.43653067173483705698e-04,
2.37173405155544769927e-18,
-3.41585559668333531291e-04,
-4.81620670887583700401e-04,
-3.39532522930935452658e-04,
-7.50428111901077269363e-18,
3.37493799648439440301e-04,
4.75854235912113359211e-04,
3.35469234980064238364e-04,
1.25137545329706513362e-17,
-3.33458676508913956418e-04,
-4.70167464750327320031e-04,
-3.31461974195112780029e-04,
-1.74026946554969654409e-17,
3.29478980329984635390e-04,
4.64558659700452529408e-04,
3.27509549491317652429e-04,
-4.07575321909748839159e-18,
-3.25553538499522715239e-04,
-4.59026175312094505011e-04,
-3.23610806375030062975e-04,
-8.91807257920600162869e-19,
3.21681214296301012847e-04,
4.53568416405637623613e-04,
3.19764625559247573847e-04,
5.74183219914502382666e-18,
-3.17860905536998788329e-04,
-4.48183836180619593007e-04,
-3.15969921641223987913e-04,
-1.04766773361010645639e-17,
3.14091543283666493024e-04,
4.42870934408451648757e-04,
3.12225641839024487846e-04,
1.50986342794875572259e-17,
-3.10372090608414111842e-04,
-4.37628255705129831990e-04,
-3.08530764783719482856e-04,
5.11881916306181238109e-18,
3.06701541412648318995e-04,
4.32454387879832396167e-04,
3.04884299364720570691e-04,
-4.23834454147821833572e-19,
-3.03078919297727759127e-04,
-4.27347960355543203623e-04,
-3.01285283625299068252e-04,
-4.16098007649592304827e-18,
2.99503276484692137691e-04,
4.22307642658059222574e-04,
2.97732783705841150702e-04,
8.63775692303684246496e-18,
-2.95973692780513613406e-04,
-4.17332142969953931531e-04,
-2.94225892832532254229e-04,
-1.30085732376624802805e-17,
2.92489274588465786569e-04,
4.12420206746258552911e-04,
2.90763730348962332311e-04,
1.72754528195042246055e-17,
-2.89049153960671404481e-04,
-4.07570615388808924102e-04,
-2.87345440788863899263e-04,
1.59081336552098559930e-18,
2.85652487690425866719e-04,
4.02782184976379720263e-04,
2.83970192987720347969e-04,
2.74453727393073904219e-18,
-2.82298456442598994908e-04,
-3.98053765047879206176e-04,
-2.80637179231448018798e-04,
-6.97834190915764122238e-18,
2.78986263920183127137e-04,
3.93384237436041246400e-04,
2.77345614440329530075e-04,
1.11124918517385795309e-17,
-2.75715136065172040491e-04,
-3.88772515149181569806e-04,
-2.74094735386599171884e-04,
-1.51488320739808582930e-17,
2.72484320292358636779e-04,
3.84217541298723140944e-04,
2.70883799943841610536e-04,
-2.62280702781522325995e-18,
-2.69293084754177510648e-04,
-3.79718288070320011268e-04,
-2.67712086367006998726e-04,
-1.47746191062937729861e-18,
2.66140717635359662190e-04,
3.75273755736525032895e-04,
2.64578892601371573178e-04,
5.48211098330904322564e-18,
-2.63026526475907546088e-04,
-3.70882971709054370425e-04,
-2.61483535619166820689e-04,
-9.39286968802930523424e-18,
2.59949837521102587734e-04,
3.66544989628811196565e-04,
2.58425350782668327137e-04,
1.32114270875277562532e-17,
-2.56909995097206393481e-04,
-3.62258888491922735001e-04,
-2.55403691232301399000e-04,
-1.69394331592245497021e-17,
2.53906361011893100341e-04,
3.58023771810136971164e-04,
2.52417927298911437105e-04,
3.46502880188412695396e-19,
-2.50938313977993536063e-04,
-3.53838766804015069246e-04,
-2.49467445938880564345e-04,
-4.13469024603043014630e-18,
2.48005249059710553439e-04,
3.49703023627432945872e-04,
2.46551650191130446339e-04,
7.83427788211167100012e-18,
-2.45106577140220686147e-04,
-3.45615714621982212350e-04,
-2.43669958655096590772e-04,
-1.14468183201533207298e-17,
2.42241724409633651938e-04,
3.41576033599935832610e-04,
2.40821804988531159479e-04,
1.49738297993804787420e-17,
-2.39410131872613970647e-04,
-3.37583195154507703477e-04,
-2.38006637424529552413e-04,
6.60087172114886741538e-19,
2.36611254874517638229e-04,
3.33636433996202204973e-04,
2.35223918306728165808e-04,
2.92334317041737741582e-18,
-2.33844562645437462544e-04,
-3.29735004314108369472e-04,
-2.32473123641960217672e-04,
-6.42304831952118333588e-18,
2.31109537861305474292e-04,
3.25878179161052624387e-04,
2.29753742669580802212e-04,
9.84046074578725131045e-18,
-2.28405676221249046400e-04,
-3.22065249861575345850e-04,
-2.27065277446820762072e-04,
-1.31769827093141617879e-17,
2.25732486040691688938e-04,
3.18295525441748665147e-04,
2.24407242449285319929e-04,
1.64339872000336005439e-17,
-2.23089487859281853733e-04,
-3.14568332079902626165e-04,
-2.21779164186206641674e-04,
-1.96128188431207472016e-17,
2.20476214063132719759e-04,
3.10883012577367070194e-04,
2.19180580829633710107e-04,
2.27147947709697480051e-17,
-2.17892208520879105240e-04,
-3.07238925848386931414e-04,
-2.16611041857046979654e-04,
8.98240966325929108526e-18,
2.15337026232733719840e-04,
3.03635446428403591931e-04,
2.14070107706820989468e-04,
-5.62291352401454903381e-18,
-2.12810232992184861830e-04,
-3.00071963999934355951e-04,
-2.11557349446000504548e-04,
2.34099148055756735742e-18,
2.10311405059736402983e-04,
2.96547882935321567652e-04,
2.09072348449855808725e-04,
8.64638626274695920703e-19,
-2.07840128848203389974e-04,
-2.93062621855653851304e-04,
-2.06614696092872725600e-04,
-3.99523377274996139982e-18,
2.05396000619090360372e-04,
2.89615613205196321348e-04,
2.04183993450356599279e-04,
7.05202649847923725772e-18,
-2.02978626189598119643e-04,
-2.86206302840697076294e-04,
-2.01779851010687341726e-04,
-1.00362256261281456279e-17,
2.00587620649828469576e-04,
2.82834149634968189981e-04,
1.99401888397442237765e-04,
1.29490169556734654577e-17,
-1.98222608089774213680e-04,
-2.79498625094162615745e-04,
-1.97049734101131232339e-04,
-1.57915639342281464197e-17,
1.95883221335725133186e-04,
2.76199212988201649784e-04,
1.94723025220135549217e-04,
1.85650083024111701581e-17,
-1.93569101695580196012e-04,
-2.72935408993827766187e-04,
-1.92421407210482584525e-04,
-2.12704707181945483033e-17,
1.91279898713044341739e-04,
2.69706720349780458557e-04,
1.90144533644109669590e-04,
-6.57100298985251317729e-18,
-1.89015269929919296592e-04,
-2.66512665523620803990e-04,
-1.87892065975281250976e-04,
3.63705041709618232128e-18,
1.86774880656499477289e-04,
2.63352773889746890820e-04,
1.85663673314819102416e-04,
-7.71696006878088952035e-19,
-1.84558403749626346669e-04,
-2.60226585418162959830e-04,
-1.83459032211969060543e-04,
-2.02615409648818596295e-18,
1.82365519398125020597e-04,
2.57133650373588527362e-04,
1.81277826443294583312e-04,
4.75757432353141196439e-18,
-1.80195914915338956759e-04,
-2.54073529024506498172e-04,
-1.79119746808742332910e-04,
-7.42362021822139715641e-18,
1.78049284538490861646e-04,
2.51045791361771718827e-04,
1.76984490934295886052e-04,
1.00253289584367445056e-17,
-1.75925329234608035121e-04,
-2.48050016826413186055e-04,
-1.74871763081090611600e-04,
-1.25637198589909343551e-17,
1.73823756512784063531e-04,
2.45085794046285079546e-04,
1.72781273960722974673e-04,
1.50397948578763972864e-17,
-1.71744280242420267269e-04,
-2.42152720581229296800e-04,
-1.70712740556523684529e-04,
-1.74545389863578339932e-17,
1.69686620477513716750e-04,
2.39250402676433987200e-04,
1.68665885950569958236e-04,
-7.22702067077037637152e-18,
-1.67650503286379052833e-04,
-2.36378455023680198984e-04,
-1.66640439156223122558e-04,
4.60725612685921744185e-18,
1.65635660586892203118e-04,
2.33536500530184853216e-04,
1.64636134955987940886e-04,
-2.04935306318943202480e-18,
-1.63641829986935802115e-04,
-2.30724170094760727169e-04,
-1.62652713744478288459e-04,
-4.47651840097649984548e-19,
1.61668754629875336586e-04,
2.27941102391024104194e-04,
1.60689921376413498563e-04,
2.88470625275344482159e-18,
-1.59716183044881837247e-04,
-2.25186943657392890216e-04,
-1.58747509019185623763e-04,
-5.26274260294262086163e-18,
1.57783869001924906836e-04,
2.22461347493629326907e-04,
1.56825233010199192483e-04,
7.58267847261388267384e-18,
-1.55871571371267274297e-04,
-2.19763974663691297835e-04,
-1.54922854718536308826e-04,
-9.84541698019546458385e-18,
1.53979053987299139205e-04,
2.17094492904664246964e-04,
1.53040140410902399419e-04,
1.20518471510703187088e-17,
-1.52106085516574477236e-04,
-2.14452576741557655133e-04,
-1.51176861121680869643e-04,
-1.42028442762674981241e-17,
1.50252439329795332325e-04,
2.11837907307757419796e-04,
1.49332792526951223548e-04,
1.62992702597884498576e-17,
-1.48417893377863845637e-04,
-2.09250172170933777457e-04,
-1.47507714822330460083e-04,
5.30105807316347390591e-18,
1.46602230071514103276e-04,
2.06689065164213271611e-04,
1.45701412604503521440e-04,
-3.02157717996367938838e-18,
-1.44805236164656156699e-04,
-2.04154286222429936799e-04,
-1.43913674756313393968e-04,
7.97135079668724352378e-19,
1.43026702641199708697e-04,
2.01645541223279461734e-04,
1.42144294335272219302e-04,
1.37311294993334263194e-18,
-1.41266424605254303087e-04,
-1.99162541833206084649e-04,
-1.40393068465469590374e-04,
-3.48999917416020361487e-18,
1.39524201174588138256e-04,
1.96705005357858885798e-04,
1.38659798232522332674e-04,
5.55434370521992283364e-18,
-1.37799835377236027214e-04,
-1.94272654596961352009e-04,
-1.36944288581780171735e-04,
-7.56695479663651224753e-18,
1.36093134051146322141e-04,
1.91865217703443102608e-04,
1.35246348219437658757e-04,
9.52862912863632764966e-18,
-1.34403907746765051033e-04,
-1.89482428046688737566e-04,
-1.33565789516549183070e-04,
-1.14401520848027897157e-17,
1.32731970632472481841e-04,
1.87124024079765897358e-04,
1.31902428415833067581e-04,
1.33022980202950860434e-17,
-1.31077140402685929496e-04,
-1.84789749210496955043e-04,
-1.30256084341170882404e-04,
5.76066326489782416968e-18,
1.29439238188763924495e-04,
1.82479351676247407606e-04,
1.28626580109712719720e-04,
-3.73367604082489901763e-18,
-1.27818088472320535824e-04,
-1.80192584422306283304e-04,
-1.27013741846500663717e-04,
1.75647898585805058942e-18,
1.26213519001091797368e-04,
1.77929204983739465418e-04,
1.25417398901513500818e-04,
1.71687973749133004243e-19,
-1.24625360707182608611e-04,
-1.75688975370602145374e-04,
-1.23837383769138308044e-04,
-2.05157460509217426166e-18,
1.23053447627629084600e-04,
1.73471661956399057693e-04,
1.22273532009776537315e-04,
3.88392060432595395989e-18,
-1.21497616827201748517e-04,
-1.71277035369688060982e-04,
-1.20725682173797234809e-04,
-5.66945582536562480686e-18,
1.19957708323376383204e-04,
1.69104870388722791814e-04,
1.19193675727550664587e-04,
7.40890050180701192000e-18,
-1.18433565013401689023e-04,
-1.66954945839037951745e-04,
-1.17677356981459683700e-04,
-9.10296546228688424679e-18,
1.16925032603410689936e-04,
1.64827044493881573689e-04,
1.16176573020107472322e-04,
1.07523523394954073516e-17,
-1.15431959539429723760e-04,
-1.62720952977403032075e-04,
-1.14691173634258924887e-04,
-1.23577537730452906735e-17,
1.13954196940422981354e-04,
1.60636461670509491382e-04,
1.13221011254753089591e-04,
-4.22482167061604331810e-18,
-1.12491598533044704885e-04,
-1.58573364619305222411e-04,
-1.11765940888207526553e-04,
2.47200868906480991020e-18,
1.11044020588241685514e-04,
1.56531459446033013221e-04,
1.10325820054478070608e-04,
-7.63553133282400373971e-19,
-1.09611321859569383285e-04,
-1.54510547262438799028e-04,
-1.08900508725805599138e-04,
-9.01225992841913015190e-19,
1.08193363523181120033e-04,
1.52510432585482966390e-04,
1.07489869267671638042e-04,
2.52300123875853040271e-18,
-1.06790009119437937705e-04,
-1.50530923255326259339e-04,
-1.06093766381124972559e-04,
-4.10243688636405915774e-18,
1.05401124496088977739e-04,
1.48571830355519272221e-04,
1.04712067046778945878e-04,
5.64018912395758690775e-18,
-1.04026577752973836341e-04,
-1.46632968135327332922e-04,
-1.03344640470244526027e-04,
-7.13690621520713239888e-18,
1.02666239188200207220e-04,
1.44714153934125371991e-04,
1.01991358029028482261e-04,
8.59322866328109160137e-18,
-1.01319981245762564528e-04,
-1.42815208107799622873e-04,
-1.00652093220839289551e-04,
-1.00097893702940526458e-17,
9.99876784644900505616e-05,
1.40935953957094678999e-04,
9.93267216132581384769e-05,
1.13872137922112687209e-17,
-9.86692074284538893228e-05,
-1.39076217657847387918e-04,
-9.80151207947341354459e-05,
2.98012753707450743307e-18,
9.73644467185629907931e-05,
1.37235828193050065542e-04,
9.67171703268631440670e-05,
-1.47099284236638485868e-18,
-9.60732768654817397566e-05,
-1.35414617286688928818e-04,
-9.54327516979118598310e-05,
1.33215677529949856486e-21,
9.47955803037631346015e-05,
1.33612419339303536720e-04,
9.41617482775401043720e-05,
1.42947033107979662683e-18,
-9.35312413271717973473e-05,
-1.31829071365217474678e-04,
-9.29040452727483766042e-05,
-2.82202340388751053094e-18,
9.22801460451619978004e-05,
1.30064412931389162317e-04,
9.16595296848554772374e-05,
4.17692895292462012648e-18,
-9.10421823404761464430e-05,
-1.28318286097836082487e-04,
-9.04280902676886507927e-05,
-5.49478211149943051157e-18,
8.98172398278311351263e-05,
1.26590535359586271692e-04,
8.92096174867906008352e-05,
6.77617138467236773075e-18,
-8.86052098136607177827e-05,
-1.24881007590111318571e-04,
-8.80040034796782626300e-05,
-8.02167877536452838994e-18,
8.74059852568925994831e-05,
1.23189551986198938920e-04,
8.68111420171114288053e-05,
9.23187990696116080243e-18,
-8.62194607306714105735e-05,
-1.21516020014222951790e-04,
-8.56309284653423882479e-05,
-1.04073441425135775265e-17,
8.50455323851480072010e-05,
1.19860265357770066842e-04,
8.44632597493179823958e-05,
-1.98453384272613915157e-18,
-8.38840979111077545858e-05,
-1.18222143866584898913e-04,
-8.33080343168072313736e-05,
6.91623182320237691148e-19,
8.27350565045602672279e-05,
1.16601513506795425343e-04,
8.21651521034182363021e-05,
5.66241726043109509839e-19,
-8.15983088322059298570e-05,
-1.14998234312382158727e-04,
-8.10345144985350949139e-05,
-1.78962212827792610027e-18,
8.04737569977625159670e-05,
1.13412168337855920482e-04,
7.99160243120097742468e-05,
2.97907333127248543674e-18,
-7.93613045091285122714e-05,
-1.11843179612110550755e-04,
-7.88095857417723161297e-05,
-4.13514480885371178988e-18,
7.82608562463594050525e-05,
1.10291134093416483622e-04,
7.77151043421954711979e-05,
5.25838030485780613502e-18,
-7.71723184304339433195e-05,
-1.08755899625524179389e-04,
-7.66324869932479273583e-05,
-6.34931793339016005600e-18,
7.60955985927972192694e-05,
1.07237345894846202539e-04,
7.55616418704046366320e-05,
7.40849027635499933015e-18,
-7.50306055456072333283e-05,
-1.05735344388687926452e-04,
-7.45024784152935863222e-05,
-8.43642447833265682341e-18,
7.39772493527944481921e-05,
1.04249768354497659236e-04,
7.34549073070586315071e-05,
-2.33443474822659413509e-18,
-7.29354413017399344152e-05,
-1.02780492760108828083e-04,
-7.24188404344185479578e-05,
1.20130069090940874712e-18,
7.19050938756844580007e-05,
1.01327394254946276863e-04,
7.13941908684033590482e-05,
-9.96872350180170640391e-20,
-7.08861207267964105443e-05,
-9.98903511321708729347e-05,
-7.03808728357415227823e-05,
-9.70925657659943281508e-19,
6.98784366498896372666e-05,
9.84692432917366191562e-05,
6.93788016929281604146e-05,
2.01105284456339059655e-18,
-6.88819575567734091208e-05,
-9.70639522043358630088e-05,
-6.83878939008362264152e-05,
-3.02120408687446671850e-18,
6.78966004512175712142e-05,
9.56743608762083031383e-05,
6.74080670000155098443e-05,
4.00188413176709046325e-18,
-6.69222834045162792488e-05,
-9.43003538147913232320e-05,
-6.64392395865414346493e-05,
-4.95359279245050008543e-18,
6.59589255316343997613e-05,
9.29418169951880040677e-05,
6.54813312884469167843e-05,
5.87682502606899823138e-18,
-6.50064469679283342277e-05,
-9.15986378274322138966e-05,
-6.45342627427135205739e-05,
-6.77207100951721303176e-18,
6.40647688463816494635e-05,
9.02707051245291066657e-05,
6.35979555728077383756e-05,
7.63981621322842924638e-18,
-6.31338132754530247537e-05,
-8.89579090712507128446e-05,
-6.26723323667470385298e-05,
1.55881953826485863129e-18,
6.22135033173723132937e-05,
8.76601411936663076161e-05,
6.17573166556828609050e-05,
-5.97948500394222668220e-19,
-6.13037629669839902007e-05,
-8.63772943293892334158e-05,
-6.08528328929860588348e-05,
-3.35160352689375206250e-19,
6.04045171310793588661e-05,
8.51092625985208238101e-05,
5.99588064338156580550e-05,
1.24098633030125128179e-18,
-5.95156916082121962793e-05,
-8.38559413752732141180e-05,
-5.90751635151988305173e-05,
-2.12000423473766090334e-18,
5.86372130689851250537e-05,
8.26172272602543691662e-05,
5.82018312365070627818e-05,
2.97268442713186339113e-18,
-5.77690090367950027711e-05,
-8.13930180533970864783e-05,
-5.73387375404538595356e-05,
-3.79949289156837230803e-18,
5.69110078690250974893e-05,
8.01832127275164708051e-05,
5.64858111944993685166e-05,
4.60089129750246036842e-18,
-5.60631387386729702210e-05,
-7.89877114024792239405e-05,
-5.56429817726918304909e-05,
-5.37733706053060411749e-18,
5.52253316164090567262e-05,
7.78064153199696116516e-05,
5.48101796379279988325e-05,
6.12928340155629404765e-18,
-5.43975172530174847798e-05,
-7.66392268188363596842e-05,
-5.39873359246221474670e-05,
1.78994295938794473523e-18,
5.35796271623032677807e-05,
7.54860493110067365830e-05,
5.31743825217731029857e-05,
-9.55343540084413232142e-19,
-5.27715936043294414105e-05,
-7.43467872579527122578e-05,
-5.23712520564195973204e-05,
1.45485096984401041076e-19,
5.19733495690690228195e-05,
7.32213461476958023992e-05,
5.15778778774680370881e-05,
6.40080060467713053704e-19,
-5.11848287604243788241e-05,
-7.21096324723373037144e-05,
-5.07941940399189069692e-05,
-1.40179558846395873572e-18,
5.04059655806111570845e-05,
7.10115537061003539035e-05,
5.00201352893937884673e-05,
2.14010116170127974814e-18,
-4.96366951148974425720e-05,
-6.99270182838716055501e-05,
-4.92556370470728237298e-05,
-2.85543252486628602434e-18,
4.88769531166895266944e-05,
6.88559355802303302025e-05,
4.85006353949447209734e-05,
3.54822154277284295573e-18,
-4.81266759929560762480e-05,
-6.77982158889522539295e-05,
-4.77550670613965895289e-05,
-4.21889624918807554898e-18,
4.73858007899871785397e-05,
6.67537704029773365380e-05,
4.70188694071297877018e-05,
4.86788089438136335565e-18,
-4.66542651794484318018e-05,
-6.57225111948299205947e-05,
-4.62919804113934147652e-05,
-5.49559599142993827425e-18,
4.59320074448031425720e-05,
6.47043511974799745489e-05,
4.55743386585281626006e-05,
-1.19625440388580708034e-18,
-4.52189664679866475138e-05,
-6.36992041856352113512e-05,
-4.48658833248128427040e-05,
4.96295659061098961845e-19,
4.45150817164067700259e-05,
6.27069847574535658074e-05,
4.41665541656062498634e-05,
1.82168222740930031670e-19,
-4.38202932302308992480e-05,
-6.17276083166658662716e-05,
-4.34762915027724295087e-05,
-8.39552817581331355679e-19,
4.31345416099577737821e-05,
6.07609910550988344385e-05,
4.27950362124124083574e-05,
1.47627008969997588856e-18,
-4.24577680042674378085e-05,
-5.98070499355894414631e-05,
-4.21227297128207276052e-05,
-2.09272843293737675101e-18,
4.17899140981427491895e-05,
5.88657026752805237740e-05,
4.14593139527602301108e-05,
2.68933271108112258165e-18,
-4.11309221012559072411e-05,
-5.79368677292893237765e-05,
-4.08047313999739083871e-05,
-3.26648429716487253081e-18,
4.04807347366139015361e-05,
5.70204642747397871610e-05,
4.01589250299574151222e-05,
3.82458111174712429238e-18,
-3.98392952294612622119e-05,
-5.61164121951504581945e-05,
-3.95218383149815161832e-05,
-4.36401766019623887690e-18,
3.92065472964070368391e-05,
5.52246320651693603661e-05,
3.88934152133584145694e-05,
4.88518506900749010576e-18,
-3.85824351348384032411e-05,
-5.43450451356478731694e-05,
-3.82736001589465717394e-05,
7.40363528154282320117e-19,
3.79669034125241464410e-05,
5.34775733190459275166e-05,
3.76623380508882868141e-05,
-1.56639589457393403687e-19,
-3.73598972574713713559e-05,
-5.26221391751607270814e-05,
-3.70595742435746736349e-05,
-4.08604514942885757143e-19,
3.67613622480021594546e-05,
5.17786658971714874693e-05,
3.64652545368287996259e-05,
9.55755437229918410426e-19,
-3.61712444030500677333e-05,
-5.09470772979931730076e-05,
-3.58793251663268476922e-05,
-1.48519654894211151666e-18,
3.55894901726713674853e-05,
5.01272977969321228541e-05,
3.53017327941895927255e-05,
1.99730797348680415397e-18,
-3.50160464287658593501e-05,
-4.93192524066364784523e-05,
-3.47324244998232784919e-05,
-2.49246661781544347702e-18,
3.44508604560029752678e-05,
4.85228667203351442900e-05,
3.41713477709421661454e-05,
2.97104620328164187658e-18,
-3.38938799429480986931e-05,
-4.77380668993583633965e-05,
-3.36184504947933474332e-05,
-3.43341729570317174843e-18,
3.33450529733886084026e-05,
4.69647796609338970307e-05,
3.30736809495754742363e-05,
3.87994733464840445149e-18,
-3.28043280178325205110e-05,
-4.62029322662525405194e-05,
-3.25369877960465323104e-05,
-4.31100066196715398574e-18,
3.22716539252324073703e-05,
4.54524525087967275270e-05,
3.20083200693170542568e-05,
-3.98229290091401631330e-19,
-3.17469799148541658796e-05,
-4.47132687029269237228e-05,
-3.14876271708241638626e-05,
-8.63477937682132477815e-20,
3.12302555683440321611e-05,
4.39853096727195214686e-05,
3.09748588604792554190e-05,
5.55250794911820319908e-19,
-3.07214308219666833405e-05,
-4.32685047410510313605e-05,
-3.04699652490063638732e-05,
-1.00883994234521356138e-18,
3.02204559590147923465e-05,
4.25627837189230886247e-05,
2.99728967904144949345e-05,
1.44747244444413250171e-18,
-2.97272816023857057010e-05,
-4.18680768950228330292e-05,
-2.94836042746710679072e-05,
-1.87150251451747036232e-18,
2.92418587073222864569e-05,
4.11843150255139799120e-05,
2.90020388205195879061e-05,
2.28128139571543420431e-18,
-2.87641385543136871223e-05,
-4.05114293240528902662e-05,
-2.85281518684593893558e-05,
-2.67715738529952754570e-18,
2.82940727421563337836e-05,
3.98493514520254250443e-05,
2.80618951738803492496e-05,
3.05947585829079493324e-18,
-2.78316131811519838768e-05,
-3.91980135089993185255e-05,
-2.76032208003494225945e-05,
-3.42857929051237868743e-18,
2.73767120864883703804e-05,
3.85573480233877745956e-05,
2.71520811130455915806e-05,
-5.62690680348747401652e-19,
-2.69293219717340870367e-05,
-3.79272879433196103164e-05,
-2.67084287723400707368e-05,
1.47971852772724775493e-19,
2.64893956424935966810e-05,
3.73077666277114270181e-05,
2.62722167275186882604e-05,
2.53347840082019502571e-19,
-2.60568861901995673280e-05,
-3.66987178375378515749e-05,
-2.58433982106405210676e-05,
-6.41607004114887001236e-19,
2.56317469860428172324e-05,
3.61000757272951112585e-05,
2.54219267305474101270e-05,
1.01714140842829612202e-18,
-2.52139316750371584143e-05,
-3.55117748366545743629e-05,
-2.50077560669772678247e-05,
-1.38028400599003327987e-18,
2.48033941702160283494e-05,
3.49337500823013641415e-05,
2.46008402648375524809e-05,
1.73136495377091672975e-18,
-2.44000886469582670764e-05,
-3.43659367499551458131e-05,
-2.42011336285916083151e-05,
-2.07071163237139824725e-18,
2.40039695374403935942e-05,
3.38082704865683161496e-05,
2.38085907167731648825e-05,
2.39864866515039237434e-18,
-2.36149915252153171725e-05,
-3.32606872926986208631e-05,
-2.34231663366233005348e-05,
-2.71549793686931886092e-18,
2.32331095398988149707e-05,
3.27231235150523305484e-05,
2.30448155388473220292e-05,
3.02157861186402071401e-18,
-2.28582787520016722179e-05,
-3.21955158391941601427e-05,
-2.26734936124891682649e-05,
-3.31720715175694832464e-18,
2.24904545678510962782e-05,
3.16778012824209435710e-05,
2.23091560799208275410e-05,
3.03574027945577483014e-20,
-2.21295926246369189974e-05,
-3.11699171867955263679e-05,
-2.19517586919419504133e-05,
-3.87836026231153091330e-18,
2.17756487855817978971e-05,
3.06718012123373864994e-05,
2.16012574230048708601e-05,
6.85424688795888457107e-19,
-2.14285791351853226877e-05,
-3.01833913303670052172e-05,
-2.12576084665077119575e-05,
-4.40143555249150946395e-18,
2.10883399746107858463e-05,
2.97046258170009115217e-05,
2.09207682302580263913e-05,
1.29923764385794519071e-18,
-2.07548878171779508978e-05,
-2.92354432467940493717e-05,
-2.05906933319640265262e-05,
1.70597392261592336188e-18,
2.04281793839108676729e-05,
2.87757824865266961486e-05,
2.02673405949049585553e-05,
1.87426733229602529159e-18,
-2.01081715992578046620e-05,
-2.83255826891331100612e-05,
-1.99506670436247666675e-05,
1.04705705176136078313e-18,
1.97948215868344612207e-05,
2.78847832877687724700e-05,
1.96406298997940524968e-05,
2.41294283939497272546e-18,
-1.94880866653380534280e-05,
-2.74533239900135180131e-05,
-1.93371865781205526196e-05,
4.27556523074144783172e-19,
1.91879243444828773103e-05,
2.70311447722081605119e-05,
1.90402946823547310749e-05,
2.91765174966606102972e-18,
-1.88942923211007724404e-05,
-2.66181858739214535314e-05,
-1.87499120014310631749e-05,
-1.54949262627941693531e-19,
1.86071484752616195593e-05,
2.62143877925451257102e-05,
1.84659965056334665308e-05,
3.39074060165969775626e-18,
-1.83264508665527348032e-05,
-2.58196912780143515047e-05,
-1.81885063429185410931e-05,
-7.02840603594014871856e-19,
1.80521577303810457278e-05,
2.54340373276512348355e-05,
1.79173998352568103357e-05,
3.83451532058277767764e-18,
-1.77842274744040841042e-05,
-2.50573671811287238768e-05,
-1.76526354751261776489e-05,
-1.21845693832287286476e-18,
1.75226186750436355773e-05,
2.46896223155527919752e-05,
1.73941719220222149717e-05,
-1.32147766183917642175e-18,
-1.72672900740415851176e-05,
-2.43307444406603944195e-05,
-1.71419679991153133837e-05,
-1.70409726543331022711e-18,
1.70182005751568679976e-05,
2.39806754941311376891e-05,
1.68959826899232869667e-05,
-7.70377634790152007236e-19,
-1.67753092408778435444e-05,
-2.36393576370101675171e-05,
-1.66561751351221277399e-05,
-2.16202054337039365016e-18,
1.65385752892750696849e-05,
2.33067332492403750258e-05,
1.64225046293937657700e-05,
-2.49846518851574862869e-19,
-1.63079580908683178099e-05,
-2.29827449253017220357e-05,
-1.61949306183502384307e-05,
-2.59444607104533709241e-18,
1.60834171656291400135e-05,
2.26673354699554121139e-05,
1.59734126955689937711e-05,
2.42367503658591502432e-19,
-1.58649121799965755087e-05,
-2.23604478940913454317e-05,
-1.57579105996448160605e-05,
-3.00355385045828795658e-18,
1.56524029440238388294e-05,
2.20620254106762790625e-05,
1.55483842113717166795e-05,
7.08476749589399740008e-19,
-1.54458494085405527809e-05,
-2.17720114308013374695e-05,
-1.53447935509365208419e-05,
-3.39148493230746287127e-18,
1.52452116624205826823e-05,
2.14903495598265624749e-05,
1.51470987752380743856e-05,
1.15065438716610802896e-18,
-1.50504499299167133667e-05,
-2.12169835936207713768e-05,
-1.49552601752170435571e-05,
1.03346705319684405972e-18,
1.48615245680273609674e-05,
2.09518575148951104626e-05,
1.47692381733039504308e-05,
1.57103477189537401419e-18,
-1.46783960639801871095e-05,
-2.06949154896280575872e-05,
-1.45889933208968375415e-05,
5.64773518061394327674e-19,
1.45010250327249694778e-05,
2.04461018635807658978e-05,
1.44144862959029902298e-05,
1.97171376709156312299e-18,
-1.43293722145432443458e-05,
-2.02053611589003837880e-05,
-1.42456779003759671353e-05,
1.18431542936801768230e-19,
1.41633984726661449967e-05,
1.99726380708102804328e-05,
1.40825290581638538760e-05,
2.35474904990954412604e-18,
-1.40030647910053156538e-05,
-1.97478774643850965912e-05,
-1.39250008126698688720e-05,
-3.07647867219099045348e-19,
1.38483322718942049534e-05,
1.95310243714092620347e-05,
1.37730543246197996432e-05,
2.72216040373139069985e-18,
-1.36991621339200359881e-05,
-1.93220239873174108982e-05,
-1.36266508699382896163e-05,
-7.15515648849776139350e-19,
1.35555157098122836125e-05,
1.91208216682149907217e-05,
1.34857518376310016469e-05,
-1.24942847723342499430e-18,
-1.34173544443560206361e-05,
-1.89273629279778725614e-05,
-1.33503187277722981300e-05,
-1.10718496436241529147e-18,
1.32846398924068605360e-05,
1.87415934354290851440e-05,
1.32203131494978999696e-05,
-8.22874556325802135495e-19,
-1.31573337169105486862e-05,
-1.85634590115916634021e-05,
-1.30956968190969059019e-05,
-1.48463147442951653927e-18,
1.30353976870241941534e-05,
1.83929056270159003842e-05,
1.29764315581257431948e-05,
-4.13029342572428568990e-19,
-1.29187936762412860343e-05,
-1.82298793991797319881e-05,
-1.28624792915738398737e-05,
-1.84979359877929330756e-18,
1.28074836606153552517e-05,
1.80743265899608857147e-05,
1.27538020461095312963e-05,
-1.79239355903865464782e-20,
-1.27014297169864688277e-05,
-1.79261936031795737138e-05,
-1.26503619483311573445e-05,
-2.20457276619298248443e-18,
1.26005940213037116249e-05,
1.77854269822101648043e-05,
1.25521212231137371216e-05,
3.64373434749314177212e-19,
-1.25049388469521844671e-05,
-1.76519734076609342269e-05,
-1.24590421919570090644e-05,
-2.55083365439718887618e-18,
1.24144265631564927236e-05,
1.75257796951203156477e-05,
1.23710872714263414438e-05,
7.35757652101799854324e-19,
-1.23290196334302982388e-05,
-1.74067927929685576575e-05,
-1.22882189715941290612e-05,
1.05452551807441141840e-18,
1.22486806140433523283e-05,
1.72949597802537344466e-05,
1.22103998945715497255e-05,
1.09808694781264772627e-18,
-1.21733721525754699300e-05,
-1.71902278646306435933e-05,
-1.21375927330398599449e-05,
6.72223461031302578982e-19,
1.21030569864698142715e-05,
1.70925443803616693953e-05,
1.20697602688671121971e-05,
1.45318312610294604131e-18,
-1.20376979416736902041e-05,
-1.70018567863784258965e-05,
-1.20068653717396749467e-05,
2.99450527467513845013e-19,
1.19772579312776570243e-05,
1.69181126644030039295e-05,
1.19488709978361195576e-05,
1.80283178088526727953e-18,
-1.19216999542400120516e-05,
-1.68412597171278463886e-05,
-1.18957401885694864801e-05,
-6.56085249933738713763e-20,
1.18709870941085992766e-05,
1.67712457664531031608e-05,
1.18474360693292227902e-05,
2.14878250479554182469e-18,
-1.18250825178261320691e-05,
-1.67080187517804357189e-05,
-1.18039218483062238247e-05,
-4.24732820744709123625e-19,
1.17839494745342402549e-05,
1.66515267283622549394e-05,
1.17651608153137328253e-05,
2.49274909100174274264e-18,
-1.17475512944433536753e-05,
-1.66017178657055078427e-05,
-1.17311163406895980978e-05,
-7.79665570806314308718e-19
